e- H2 H H+ H- H2- H2+ H3+ He H2O CH4 CO NH3 N2 PH3 H2S TiO VO Fe FeH CrH Na K Rb Cs CO2
 1.0010E-214  8.3764E-01 5.1577E-147 1.0010E-214 1.0010E-214 1.0010E-214 1.0010E-214 1.0010E-214  1.6187E-01  7.2671E-23  4.8906E-04 3.0120E-146  5.3341E-09  1.0533E-58 7.7583E-172  1.4865E-29 1.0010E-214 1.0010E-214 1.0010E-214 1.0010E-214 1.0010E-214 1.0010E-214 1.0010E-214 1.0010E-214 1.0010E-214 9.5117E-142
 3.3340E-215  8.3767E-01 2.9762E-147 3.3340E-215 3.3340E-215 3.3340E-215 3.3340E-215 3.3340E-215  1.6184E-01  2.4203E-23  4.8896E-04 1.1132E-147  1.7765E-09  1.2965E-60 2.0989E-170  4.9508E-30 3.3340E-215 3.3340E-215 3.3340E-215 3.3340E-215 3.3340E-215 3.3340E-215 3.3340E-215 3.3340E-215 3.3340E-215 1.1708E-143
 1.0002E-215  8.3767E-01 1.6303E-147 1.0002E-215 1.0002E-215 1.0002E-215 1.0002E-215 1.0002E-215  1.6184E-01  7.2607E-24  4.8896E-04 3.0053E-149  5.3294E-10  1.0500E-62 7.7746E-169  1.4852E-30 1.0002E-215 1.0002E-215 1.0002E-215 1.0002E-215 1.0002E-215 1.0002E-215 1.0002E-215 1.0002E-215 1.0002E-215 9.4815E-146
 3.3340E-216  8.3767E-01 9.4116E-148 3.3340E-216 3.3340E-216 3.3340E-216 3.3340E-216 3.3340E-216  1.6184E-01  2.4203E-24  4.8896E-04 1.1132E-150  1.7765E-10  1.2965E-64 2.0989E-167  4.9508E-31 3.3340E-216 3.3340E-216 3.3340E-216 3.3340E-216 3.3340E-216 3.3340E-216 3.3340E-216 3.3340E-216 3.3340E-216 1.1708E-147
 1.0002E-216  8.3767E-01 5.1556E-148 1.0002E-216 1.0002E-216 1.0002E-216 1.0002E-216 1.0002E-216  1.6184E-01  7.2607E-25  4.8896E-04 3.0053E-152  5.3294E-11  1.0500E-66 7.7746E-166  1.4852E-31 1.0002E-216 1.0002E-216 1.0002E-216 1.0002E-216 1.0002E-216 1.0002E-216 1.0002E-216 1.0002E-216 1.0002E-216 9.4815E-150
 3.3340E-217  8.3767E-01 2.9762E-148 3.3340E-217 3.3340E-217 3.3340E-217 3.3340E-217 3.3340E-217  1.6184E-01  2.4203E-25  4.8896E-04 1.1132E-153  1.7765E-11  1.2965E-68 2.0989E-164  4.9508E-32 3.3340E-217 3.3340E-217 3.3340E-217 3.3340E-217 3.3340E-217 3.3340E-217 3.3340E-217 3.3340E-217 3.3340E-217 1.1708E-151
 1.0002E-217  8.3768E-01 1.6303E-148 1.0002E-217 1.0002E-217 1.0002E-217 1.0002E-217 1.0002E-217  1.6184E-01  7.2607E-26  4.8896E-04 3.0053E-155  5.3294E-12  1.0500E-70 7.7746E-163  1.4852E-32 1.0002E-217 1.0002E-217 1.0002E-217 1.0002E-217 1.0002E-217 1.0002E-217 1.0002E-217 1.0002E-217 1.0002E-217 9.4815E-154
 2.3019E-255  8.3771E-01 9.4231E-149 1.0000E-300 1.0000E-300 1.0000E-300 1.0000E-300 1.0000E-300  1.6180E-01  3.0373E-26  4.8887E-04 1.1189E-156  1.7799E-12  1.3058E-72 2.0879E-161  4.9601E-33  3.3404E-97  3.3404E-97 1.1841E-278 1.0000E-300 6.8324E-289  3.3404E-97  3.3404E-97  3.3404E-97  3.3404E-97 1.1789E-155
 1.2609E-255  8.3771E-01 5.1605E-149 1.0000E-300 1.0000E-300 1.0000E-300 1.0000E-300 1.0000E-300  1.6180E-01  9.1115E-27  4.8887E-04 3.0206E-158  5.3394E-13  1.0578E-74 7.7320E-160  1.4880E-33  1.0021E-97  1.0021E-97 3.5520E-279 1.0000E-300 3.7419E-289  1.0021E-97  1.0021E-97  1.0021E-97  1.0021E-97 9.5497E-158
 1.4223E-255  8.3771E-01 2.9798E-149 1.0000E-300 1.0000E-300 1.0000E-300 1.0000E-300 1.0000E-300  1.6180E-01  3.0373E-27  4.8887E-04 1.1189E-159  1.7799E-13  1.9032E-75 5.4689E-159  4.9601E-34  3.3404E-98  3.3404E-98 1.1841E-279 1.0000E-300 2.1606E-289  3.3404E-98  3.3404E-98  3.3404E-98  3.3404E-98 1.1789E-159
 3.9874E-256  8.3771E-01 1.6319E-149 1.0000E-300 1.0000E-300 1.0000E-300 1.0000E-300 1.0000E-300  1.6180E-01  9.1115E-28  4.8887E-04 3.0206E-161  5.3394E-14  1.0578E-78 7.7320E-157  1.4880E-34  1.0021E-98  1.0021E-98 3.5520E-280 1.0000E-300 1.1833E-289  1.0021E-98  1.0021E-98  1.0021E-98  1.0021E-98 9.5497E-162
 2.3019E-256  8.3771E-01 9.4231E-150 1.0000E-300 1.0000E-300 1.0000E-300 1.0000E-300 1.0000E-300  1.6180E-01  3.0373E-28  4.8887E-04 1.1189E-162  1.7799E-14  1.3058E-80 2.0879E-155  4.9601E-35  3.3404E-99  3.3404E-99 1.1841E-280 1.0000E-300 6.8324E-290  3.3404E-99  3.3404E-99  3.3404E-99  3.3404E-99 1.1789E-163
 1.2609E-256  8.3771E-01 5.1605E-150 1.0000E-300 1.0000E-300 1.0000E-300 1.0000E-300 1.0000E-300  1.6180E-01  9.1115E-29  4.8887E-04 3.0206E-164  5.3394E-15  1.0578E-82 7.7320E-154  1.4880E-35  1.0021E-99  1.0021E-99 3.5520E-281 1.0000E-300 3.7419E-290  1.0021E-99  1.0021E-99  1.0021E-99  1.0021E-99 9.5497E-166
 7.2794E-257  8.3771E-01 2.9798E-150 1.0000E-300 1.0000E-300 1.0000E-300 1.0000E-300 1.0000E-300  1.6180E-01  3.0373E-29  4.8887E-04 1.1189E-165  1.7799E-15  1.3058E-84 2.0879E-152  4.9601E-36 3.3404E-100 3.3404E-100 1.1841E-281 1.0000E-300 2.1606E-290 3.3404E-100 3.3404E-100 3.3404E-100 3.3404E-100 1.1789E-167
 3.9874E-257  8.3771E-01 1.6319E-150 1.0000E-300 1.0000E-300 1.0000E-300 1.0000E-300 1.0000E-300  1.6180E-01  9.1115E-30  4.8887E-04 3.0206E-167  5.3394E-16  1.0578E-86 7.7320E-151  1.4880E-36 1.0021E-100 1.0021E-100 3.5520E-282 1.0000E-300 1.1833E-290 1.0021E-100 1.0021E-100 1.0021E-100 1.0021E-100 9.5497E-170
 1.0002E-214  8.3755E-01 4.6732E-109 1.0002E-214 1.0002E-214 1.0002E-214 1.0002E-214 1.0002E-214  1.6185E-01  6.2851E-14  4.8889E-04 1.9214E-101  1.1324E-04  4.7919E-34 1.2115E-135  8.3044E-18 1.0002E-214 1.0002E-214 1.0002E-214 1.0002E-214 1.0002E-214 1.0002E-214 1.0002E-214 1.0002E-214 1.0002E-214  3.3045E-95
 3.3336E-215  8.3759E-01 2.6979E-109 3.3336E-215 3.3336E-215 3.3336E-215 3.3336E-215 3.3336E-215  1.6182E-01  2.0947E-14  4.8869E-04 7.1127E-103  1.0603E-04  4.6680E-35 1.1645E-134  9.8521E-19 3.3336E-215 3.3336E-215 3.3336E-215 3.3336E-215 3.3336E-215 3.3336E-215 3.3336E-215 3.3336E-215 3.3336E-215  4.0779E-97
 1.0000E-215  8.3759E-01 1.4775E-109 1.0000E-215 1.0000E-215 1.0000E-215 1.0000E-215 1.0000E-215  1.6182E-01  6.2839E-15  4.8891E-04 1.9210E-104  1.0472E-04  4.0976E-36 1.3102E-133  8.9770E-20 1.0000E-215 1.0000E-215 1.0000E-215 1.0000E-215 1.0000E-215 1.0000E-215 1.0000E-215 1.0000E-215 1.0000E-215  3.3039E-99
 3.3362E-216  8.3765E-01 8.5341E-110 3.3362E-216 3.3362E-216 3.3362E-216 3.3362E-216 3.3362E-216  1.6183E-01  2.0963E-15  4.8895E-04 7.1311E-106  3.4935E-05  5.0741E-38 3.5299E-132  2.9947E-20 3.3362E-216 3.3362E-216 3.3362E-216 3.3362E-216 3.3362E-216 3.3362E-216 3.3362E-216 3.3362E-216 3.3362E-216 4.0913E-101
 1.0008E-216  8.3767E-01 4.6749E-110 1.0008E-216 1.0008E-216 1.0008E-216 1.0008E-216 1.0008E-216  1.6183E-01  6.2888E-16  4.8896E-04 1.9252E-107  1.0480E-05  4.1093E-40 1.3076E-130  8.9840E-21 1.0008E-216 1.0008E-216 1.0008E-216 1.0008E-216 1.0008E-216 1.0008E-216 1.0008E-216 1.0008E-216 1.0008E-216 3.3126E-103
 3.3340E-217  8.3767E-01 2.6982E-110 3.3340E-217 3.3340E-217 3.3340E-217 3.3340E-217 3.3340E-217  1.6184E-01  2.0950E-16  4.8907E-04 7.1150E-109  3.4912E-06  5.0591E-42 3.5381E-129  2.9928E-21 3.3340E-217 3.3340E-217 3.3340E-217 3.3340E-217 3.3340E-217 3.3340E-217 3.3340E-217 3.3340E-217 3.3340E-217 4.0783E-105
 1.0002E-217  8.3767E-01 1.4780E-110 1.0002E-217 1.0002E-217 1.0002E-217 1.0002E-217 1.0002E-217  1.6184E-01  6.2846E-17  4.8907E-04 1.9208E-110  1.0473E-06  4.0971E-44 1.3109E-127  8.9779E-22 1.0002E-217 1.0002E-217 1.0002E-217 1.0002E-217 1.0002E-217 1.0002E-217 1.0002E-217 1.0002E-217 1.0002E-217 3.3027E-107
 4.5234E-192  8.3767E-01 8.5404E-111 1.0000E-300 8.6152E-291 1.0000E-300 1.0000E-300 1.0000E-300  1.6184E-01  2.4170E-17  4.8885E-04 7.1528E-112  3.4976E-07  5.0954E-46 3.5195E-126  2.9983E-22  3.3402E-97  3.3402E-97 1.5356E-206 4.2119E-242 7.2340E-215  3.3402E-97  3.3402E-97  3.3402E-97  3.3402E-97 4.1065E-109
 1.4057E-218  8.3771E-01 4.6783E-111 1.0000E-300 8.3177E-265 9.2191E-318 1.0000E-300 1.0000E-300  1.6180E-01  7.2509E-18  4.8887E-04 1.9310E-113  1.0493E-07  4.1275E-48 1.3034E-124  8.9948E-23  1.0021E-97  1.0021E-97 4.6067E-207 2.3067E-242 3.9627E-215  1.0021E-97  1.0021E-97  1.0021E-97  1.0021E-97 3.3265E-111
 1.4304E-192  8.3767E-01 2.7007E-111 1.0000E-300 8.3172E-265 1.5969E-317 1.0000E-300 1.0000E-300  1.6184E-01  2.4170E-18  4.8885E-04 7.1528E-115  3.4977E-08  5.0954E-50 3.5195E-123  2.9983E-23  3.3402E-98  3.3402E-98 1.5356E-207 1.3316E-242 2.2876E-215  3.3402E-98  3.3402E-98  3.3402E-98  3.3402E-98 4.1065E-113
 7.8343E-193  8.3771E-01 1.4794E-111 1.0000E-300 8.3177E-265 2.9153E-317 1.0000E-300 1.0000E-300  1.6180E-01  7.2509E-19  4.8887E-04 1.9310E-116  1.0493E-08  4.1275E-52 1.3034E-121  8.9948E-24  1.0021E-98  1.0021E-98 4.6067E-208 7.2944E-243 1.2531E-215  1.0021E-98  1.0021E-98  1.0021E-98  1.0021E-98 3.3265E-115
 4.5234E-193  8.3767E-01 8.5404E-112 1.0000E-300 8.3172E-265 5.0498E-317 1.0000E-300 1.0000E-300  1.6184E-01  2.4170E-19  4.8885E-04 7.1528E-118  3.4977E-09  5.0954E-54 3.5195E-120  2.9983E-24  3.3402E-99  3.3402E-99 1.5356E-208 4.2119E-243 7.2340E-216  3.3402E-99  3.3402E-99  3.3402E-99  3.3402E-99 4.1065E-117
 2.4774E-193  8.3771E-01 4.6783E-112 1.0000E-300 4.7194E-292 1.0000E-300 1.0000E-300 1.0000E-300  1.6180E-01  7.2509E-20  4.8887E-04 1.9310E-119  1.0493E-09  4.1275E-56 1.3034E-118  8.9948E-25  1.0021E-99  1.0021E-99 4.6067E-209 2.3067E-243 3.9627E-216  1.0021E-99  1.0021E-99  1.0021E-99  1.0021E-99 3.3265E-119
 1.4304E-193  8.3767E-01 2.7007E-112 1.0000E-300 8.3172E-265 1.5969E-316 1.0000E-300 1.0000E-300  1.6184E-01  2.4170E-20  4.8885E-04 7.1528E-121  3.4977E-10  5.0954E-58 3.5195E-117  2.9983E-25 3.3402E-100 3.3402E-100 1.5356E-209 1.3316E-243 2.2876E-216 3.3402E-100 3.3402E-100 3.3402E-100 3.3402E-100 4.1065E-121
 7.8343E-194  8.3771E-01 1.4794E-112 1.0000E-300 8.3177E-265 2.9154E-316 1.0000E-300 1.0000E-300  1.6180E-01  7.2509E-21  4.8887E-04 1.9310E-122  1.0493E-10  4.1275E-60 1.3034E-115  8.9948E-26 1.0021E-100 1.0021E-100 4.6067E-210 7.2944E-244 1.2531E-216 1.0021E-100 1.0021E-100 1.0021E-100 1.0021E-100 3.3265E-123
 4.5234E-194  8.3767E-01 8.5404E-113 1.0000E-300 8.6152E-293 1.0000E-300 1.0000E-300 1.0000E-300  1.6184E-01  2.4170E-21  4.8885E-04 7.1528E-124  3.4977E-11  5.0954E-62 3.5195E-114  2.9983E-26 3.3402E-101 3.3402E-101 1.5356E-210 4.2119E-244 7.2340E-217 3.3402E-101 3.3402E-101 3.3402E-101 3.3402E-101 4.1065E-125
 1.8156E-195  8.3759E-01  1.0508E-98 1.0001E-214 1.0001E-214 1.0001E-214 1.0001E-214 1.0001E-214  1.6182E-01  1.6816E-11  4.8869E-04  3.1844E-89  1.0635E-04  9.7911E-30 1.4505E-124  2.1401E-13 1.0001E-214 1.0001E-214 1.0001E-214 1.0001E-214 1.0001E-214 1.0001E-214 1.0001E-214 1.0001E-214 1.0001E-214  1.6294E-82
 1.0571E-195  8.3758E-01  6.0677E-99 3.3337E-215 3.3337E-215 3.3337E-215 3.3337E-215 3.3337E-215  1.6182E-01  5.6057E-12  4.8868E-04  1.1796E-90  1.0815E-04  1.1252E-30 1.2833E-123  2.3385E-14 3.3337E-215 3.3337E-215 3.3337E-215 3.3337E-215 3.3337E-215 3.3337E-215 3.3337E-215 3.3337E-215 3.3337E-215  2.0125E-84
 5.9835E-196  8.3764E-01  3.3225E-99 9.9967E-216 9.9967E-216 9.9967E-216 9.9967E-216 9.9967E-216  1.6175E-01  1.6810E-12  4.8905E-04  3.4527E-94  1.1552E-04  1.1541E-31 9.2823E-156  1.9686E-15 9.9967E-216 9.9967E-216 9.9967E-216 9.9967E-216 9.9967E-216 9.9967E-216 9.9967E-216 9.9967E-216 9.9967E-216  6.1767E-87
 3.5404E-196  8.3764E-01  1.9185E-99 3.3324E-216 3.3324E-216 3.3324E-216 3.3324E-216 3.3324E-216  1.6175E-01  5.6034E-13  4.8905E-04  6.8890E-95  1.2135E-04  1.4147E-32 9.8187E-157  2.0828E-16 3.3324E-216 3.3324E-216 3.3324E-216 3.3324E-216 3.3324E-216 3.3324E-216 3.3324E-216 3.3324E-216 3.3324E-216  6.8637E-89
 1.8498E-196  8.3758E-01  1.0508E-99 1.0001E-216 1.0001E-216 1.0001E-216 1.0001E-216 1.0001E-216  1.6182E-01  1.6816E-13  4.8891E-04  3.1859E-95  1.1044E-04  1.0557E-33 1.3968E-120  2.0608E-17 1.0001E-216 1.0001E-216 1.0001E-216 1.0001E-216 1.0001E-216 1.0001E-216 1.0001E-216 1.0001E-216 1.0001E-216  1.6302E-90
 1.0008E-196  8.3759E-01 6.0678E-100 3.3338E-217 3.3338E-217 3.3338E-217 3.3338E-217 3.3338E-217  1.6182E-01  5.6058E-14  4.8892E-04  1.1801E-96  9.6969E-05  9.0435E-35 1.4320E-119  2.6082E-18 3.3338E-217 3.3338E-217 3.3338E-217 3.3338E-217 3.3338E-217 3.3338E-217 3.3338E-217 3.3338E-217 3.3338E-217  2.0130E-92
 3.0022E-197  8.3762E-01 3.3239E-100 1.0001E-217 1.0001E-217 1.0001E-217 1.0001E-217 1.0001E-217  1.6186E-01  1.6817E-14  4.8893E-04  3.1853E-98  2.9090E-05  7.3223E-37 5.3057E-118  7.8243E-19 1.0001E-217 1.0001E-217 1.0001E-217 1.0001E-217 1.0001E-217 1.0001E-217 1.0001E-217 1.0001E-217 1.0001E-217  1.6302E-94
  3.3377E-97  8.3782E-01  3.3377E-97  3.3377E-97  3.3377E-97  3.3377E-97  3.3377E-97  3.3377E-97  1.6168E-01  6.4633E-15  4.8849E-04  3.3377E-97  9.7085E-06  9.0772E-39  3.3377E-97  2.6119E-19  3.3377E-97  3.3377E-97  3.3377E-97  3.3377E-97  3.3377E-97  3.3377E-97  3.3377E-97  3.3377E-97  3.3377E-97  3.3377E-97
  1.0013E-97  8.3783E-01  1.0013E-97  1.0013E-97  1.0013E-97  1.0013E-97  1.0013E-97  1.0013E-97  1.6168E-01  1.9389E-15  4.8849E-04  1.0013E-97  2.9124E-06  7.3511E-41  1.0013E-97  7.8371E-20  1.0013E-97  1.0013E-97  1.0013E-97  1.0013E-97  1.0013E-97  1.0013E-97  1.0013E-97  1.0013E-97  1.0013E-97  1.0013E-97
  3.3377E-98  8.3783E-01  3.3377E-98  3.3377E-98  3.3377E-98  3.3377E-98  3.3377E-98  3.3377E-98  1.6168E-01  6.4633E-16  4.8849E-04  3.3377E-98  9.7086E-07  9.0773E-43  3.3377E-98  2.6113E-20  3.3377E-98  3.3377E-98  3.3377E-98  3.3377E-98  3.3377E-98  3.3377E-98  3.3377E-98  3.3377E-98  3.3377E-98  3.3377E-98
  1.0013E-98  8.3783E-01  1.0013E-98  1.0013E-98  1.0013E-98  1.0013E-98  1.0013E-98  1.0013E-98  1.6168E-01  1.9389E-16  4.8849E-04  1.0013E-98  2.9124E-07  7.3512E-45  1.0013E-98  7.8588E-21  1.0013E-98  1.0013E-98  1.0013E-98  1.0013E-98  1.0013E-98  1.0013E-98  1.0013E-98  1.0013E-98  1.0013E-98  1.0013E-98
  3.3377E-99  8.3783E-01  3.3377E-99  3.3377E-99  3.3377E-99  3.3377E-99  3.3377E-99  3.3377E-99  1.6168E-01  6.4633E-17  4.8849E-04  3.3377E-99  9.7086E-08  9.0773E-47  3.3377E-99  2.6367E-21  3.3377E-99  3.3377E-99  3.3377E-99  3.3377E-99  3.3377E-99  3.3377E-99  3.3377E-99  3.3377E-99  3.3377E-99  3.3377E-99
  1.0013E-99  8.3783E-01  1.0013E-99  1.0013E-99  1.0013E-99  1.0013E-99  1.0013E-99  1.0013E-99  1.6168E-01  1.9389E-17  4.8849E-04  1.0013E-99  2.9124E-08  7.3512E-49  1.0013E-99  8.0846E-22  1.0013E-99  1.0013E-99  1.0013E-99  1.0013E-99  1.0013E-99  1.0013E-99  1.0013E-99  1.0013E-99  1.0013E-99  1.0013E-99
 3.3377E-100  8.3783E-01 3.3377E-100 3.3377E-100 3.3377E-100 3.3377E-100 3.3377E-100 3.3377E-100  1.6168E-01  6.4648E-18  4.8849E-04 3.3377E-100  9.7086E-09  9.0773E-51 3.3377E-100  2.8553E-22 3.3377E-100 3.3377E-100 3.3377E-100 3.3377E-100 3.3377E-100 3.3377E-100 3.3377E-100 3.3377E-100 3.3377E-100 3.3377E-100
 1.0013E-100  8.3783E-01 1.0013E-100 1.0013E-100 1.0013E-100 1.0013E-100 1.0013E-100 1.0013E-100  1.6168E-01  1.9394E-18  4.8849E-04 1.0013E-100  2.9124E-09  7.3512E-53 1.0013E-100  7.8335E-23 1.0013E-100 1.0013E-100 1.0013E-100 1.0013E-100 1.0013E-100 1.0013E-100 1.0013E-100 1.0013E-100 1.0013E-100 1.0013E-100
 3.3377E-101  8.3783E-01 3.3377E-101 3.3377E-101 3.3377E-101 3.3377E-101 3.3377E-101 3.3377E-101  1.6168E-01  6.4708E-19  4.8849E-04 3.3377E-101  9.7086E-10  9.0772E-55 3.3377E-101  5.1423E-23 3.3377E-101 3.3377E-101 3.3377E-101 3.3377E-101 3.3377E-101 3.3377E-101 3.3377E-101 3.3377E-101 3.3377E-101 3.3377E-101
 1.0013E-101  8.3783E-01 1.0013E-101 1.0013E-101 1.0013E-101 1.0013E-101 1.0013E-101 1.0013E-101  1.6168E-01  1.9394E-19  4.8849E-04 1.0013E-101  2.9124E-10  7.3512E-57 1.0013E-101  7.8335E-24 1.0013E-101 1.0013E-101 1.0013E-101 1.0013E-101 1.0013E-101 1.0013E-101 1.0013E-101 1.0013E-101 1.0013E-101 1.0013E-101
 5.4780E-179  8.3755E-01  4.4505E-90 1.0009E-214 1.0009E-214 1.0009E-214 1.0009E-214 1.0009E-214  1.6185E-01  2.0432E-09  4.8866E-04  4.8664E-79  1.1311E-04  4.8118E-26 2.2045E-115  9.0742E-10 1.0009E-214 1.0009E-214 1.0009E-214 1.0009E-214 1.0009E-214 1.0009E-214 1.0009E-214 1.0009E-214 1.0009E-214  6.1831E-72
 3.1859E-179  8.3758E-01  2.5688E-90 3.3337E-215 3.3337E-215 3.3337E-215 3.3337E-215 3.3337E-215  1.6182E-01  6.8050E-10  4.8879E-04  1.7986E-80  1.1490E-04  5.5109E-27 1.9554E-114  9.9066E-11 3.3337E-215 3.3337E-215 3.3337E-215 3.3337E-215 3.3337E-215 3.3337E-215 3.3337E-215 3.3337E-215 3.3337E-215  7.6125E-74
 1.6793E-179  8.3759E-01  1.4068E-90 1.0001E-215 1.0001E-215 1.0001E-215 1.0001E-215 1.0001E-215  1.6182E-01  2.0414E-10  4.8869E-04  4.8543E-82  1.0640E-04  4.2504E-28 2.3471E-113  9.6301E-12 1.0001E-215 1.0001E-215 1.0001E-215 1.0001E-215 1.0001E-215 1.0001E-215 1.0001E-215 1.0001E-215 1.0001E-215  6.1635E-76
 9.7259E-180  8.3759E-01  8.1213E-91 3.3337E-216 3.3337E-216 3.3337E-216 3.3337E-216 3.3337E-216  1.6182E-01  6.8050E-11  4.8869E-04  1.7986E-83  1.0704E-04  4.7833E-29 2.0986E-112  1.0635E-12 3.3337E-216 3.3337E-216 3.3337E-216 3.3337E-216 3.3337E-216 3.3337E-216 3.3337E-216 3.3337E-216 3.3337E-216  7.6125E-78
 5.7024E-180  8.3763E-01  4.4479E-91 9.9966E-217 9.9966E-217 9.9966E-217 9.9966E-217 9.9966E-217  1.6175E-01  2.0406E-11  4.8916E-04  4.3949E-85  1.2270E-04  5.6501E-30 3.0280E-111  9.0689E-14 9.9966E-217 9.9966E-217 9.9966E-217 9.9966E-217 9.9966E-217 9.9966E-217 9.9966E-217 9.9966E-217 9.9966E-217  1.0305E-72
 3.9431E-181  8.3758E-01  2.5682E-91 3.3337E-217 3.3337E-217 3.3337E-217 3.3337E-217 3.3337E-217  1.6182E-01  6.8050E-12  4.8891E-04  1.7994E-86  1.0958E-04  5.0122E-31 1.7743E-109  1.0388E-14 3.3337E-217 3.3337E-217 3.3337E-217 3.3337E-217 3.3337E-217 3.3337E-217 3.3337E-217 3.3337E-217 3.3337E-217  7.6161E-82
 1.7319E-180  8.3758E-01  1.4068E-91 1.0001E-217 1.0001E-217 1.0001E-217 1.0001E-217 1.0001E-217  1.6182E-01  2.0414E-12  4.8891E-04  4.8566E-88  1.1319E-04  4.8131E-32 2.2056E-109  9.0516E-16 1.0001E-217 1.0001E-217 1.0001E-217 1.0001E-217 1.0001E-217 1.0001E-217 1.0001E-217 1.0001E-217 1.0001E-217  6.1664E-84
  3.3380E-97  8.3769E-01  3.3380E-97  3.3380E-97  3.3380E-97  3.3380E-97  3.3380E-97  3.3380E-97  1.6169E-01  6.8137E-13  4.8863E-04  3.3380E-97  1.3458E-04  7.5750E-33  3.3380E-97  8.4797E-17  3.3380E-97  3.3380E-97  3.3380E-97  3.3380E-97  3.3380E-97  3.3380E-97  3.3380E-97  3.3380E-97  3.3380E-97  3.3380E-97
  1.0012E-97  8.3776E-01  1.0012E-97  1.0012E-97  1.0012E-97  1.0012E-97  1.0012E-97  1.0012E-97  1.6170E-01  2.0437E-13  4.8845E-04  1.0012E-97  4.6475E-05  8.1250E-35  1.0012E-97  2.2096E-17  1.0012E-97  1.0012E-97  1.0012E-97  1.0012E-97  1.0012E-97  1.0012E-97  1.0012E-97  1.0012E-97  1.0012E-97  1.0012E-97
  3.3377E-98  8.3782E-01  3.3377E-98  3.3377E-98  3.3377E-98  3.3377E-98  3.3377E-98  3.3377E-98  1.6168E-01  6.8132E-14  4.8859E-04  3.3377E-98  1.5493E-05  1.0033E-36  3.3377E-98  7.3663E-18  3.3377E-98  3.3377E-98  3.3377E-98  3.3377E-98  3.3377E-98  3.3377E-98  3.3377E-98  3.3377E-98  3.3377E-98  3.3377E-98
  1.0012E-98  8.3780E-01  1.0012E-98  1.0012E-98  1.0012E-98  1.0012E-98  1.0012E-98  1.0012E-98  1.6171E-01  2.0438E-14  4.8847E-04  1.0012E-98  4.6477E-06  8.1234E-39  1.0012E-98  2.2097E-18  1.0012E-98  1.0012E-98  1.0012E-98  1.0012E-98  1.0012E-98  1.0012E-98  1.0012E-98  1.0012E-98  1.0012E-98  1.0012E-98
  3.3378E-99  8.3783E-01  3.3378E-99  3.3378E-99  3.3378E-99  3.3378E-99  3.3378E-99  3.3378E-99  1.6168E-01  6.8133E-15  4.8860E-04  3.3378E-99  1.5494E-06  1.0031E-40  3.3378E-99  7.3664E-19  3.3378E-99  3.3378E-99  3.3378E-99  3.3378E-99  3.3378E-99  3.3378E-99  3.3378E-99  3.3378E-99  3.3378E-99  3.3378E-99
  1.0012E-99  8.3780E-01  1.0012E-99  1.0012E-99  1.0012E-99  1.0012E-99  1.0012E-99  1.0012E-99  1.6171E-01  2.0438E-15  4.8847E-04  1.0012E-99  4.6477E-07  8.1234E-43  1.0012E-99  2.2097E-19  1.0012E-99  1.0012E-99  1.0012E-99  1.0012E-99  1.0012E-99  1.0012E-99  1.0012E-99  1.0012E-99  1.0012E-99  1.0012E-99
 3.3378E-100  8.3783E-01 3.3378E-100 3.3378E-100 3.3378E-100 3.3378E-100 3.3378E-100 3.3378E-100  1.6168E-01  6.8133E-16  4.8860E-04 3.3378E-100  1.5494E-07  1.0031E-44 3.3378E-100  7.3681E-20 3.3378E-100 3.3378E-100 3.3378E-100 3.3378E-100 3.3378E-100 3.3378E-100 3.3378E-100 3.3378E-100 3.3378E-100 3.3378E-100
 1.0012E-100  8.3780E-01 1.0012E-100 1.0012E-100 1.0012E-100 1.0012E-100 1.0012E-100 1.0012E-100  1.6171E-01  2.0438E-16  4.8847E-04 1.0012E-100  4.6477E-08  8.1234E-47 1.0012E-100  2.2118E-20 1.0012E-100 1.0012E-100 1.0012E-100 1.0012E-100 1.0012E-100 1.0012E-100 1.0012E-100 1.0012E-100 1.0012E-100 1.0012E-100
 3.3378E-101  8.3783E-01 3.3378E-101 3.3378E-101 3.3378E-101 3.3378E-101 3.3378E-101 3.3378E-101  1.6168E-01  6.8133E-17  4.8860E-04 3.3378E-101  1.5494E-08  1.0031E-48 3.3378E-101  7.3902E-21 3.3378E-101 3.3378E-101 3.3378E-101 3.3378E-101 3.3378E-101 3.3378E-101 3.3378E-101 3.3378E-101 3.3378E-101 3.3378E-101
 1.0012E-101  8.3780E-01 1.0012E-101 1.0012E-101 1.0012E-101 1.0012E-101 1.0012E-101 1.0012E-101  1.6171E-01  2.0438E-17  4.8847E-04 1.0012E-101  4.6477E-09  8.1234E-51 1.0012E-101  2.2343E-21 1.0012E-101 1.0012E-101 1.0012E-101 1.0012E-101 1.0012E-101 1.0012E-101 1.0012E-101 1.0012E-101 1.0012E-101 1.0012E-101
 2.0971E-165  8.3758E-01  8.8661E-83 1.0003E-214 1.0003E-214 1.0003E-214 1.0003E-214 1.0003E-214  1.6182E-01  1.0511E-07  4.8880E-04  2.0078E-70  1.1077E-04  5.5135E-23 1.3974E-107  1.1414E-06 1.0003E-214 1.0003E-214 1.0003E-214 1.0003E-214 1.0003E-214 1.0003E-214 1.0003E-214 1.0003E-214 1.0003E-214  5.4995E-63
 2.7984E-165  8.3754E-01  5.1192E-83 3.3343E-215 3.3343E-215 3.3343E-215 3.3343E-215 3.3343E-215  1.6185E-01  3.5035E-08  4.8866E-04  7.4354E-72  1.2078E-04  7.2829E-24 1.1535E-106  1.1631E-07 3.3343E-215 3.3343E-215 3.3343E-215 3.3343E-215 3.3343E-215 3.3343E-215 3.3343E-215 3.3343E-215 3.3343E-215  6.7874E-65
 1.5560E-165  8.3754E-01  2.8036E-83 1.0002E-215 1.0002E-215 1.0002E-215 1.0002E-215 1.0002E-215  1.6185E-01  1.0510E-08  4.8900E-04  2.0082E-73  1.2451E-04  6.9648E-25 1.2434E-105  1.0153E-08 1.0002E-215 1.0002E-215 1.0002E-215 1.0002E-215 1.0002E-215 1.0002E-215 1.0002E-215 1.0002E-215 1.0002E-215  5.5006E-67
 8.8370E-166  8.3754E-01  1.6188E-83 3.3343E-216 3.3343E-216 3.3343E-216 3.3343E-216 3.3343E-216  1.6185E-01  3.5035E-09  4.8900E-04  7.4389E-75  1.2045E-04  7.2411E-26 1.1567E-104  1.1663E-09 3.3343E-216 3.3343E-216 3.3343E-216 3.3343E-216 3.3343E-216 3.3343E-216 3.3343E-216 3.3343E-216 3.3343E-216  6.7906E-69
 4.5387E-166  8.3759E-01  8.8661E-84 1.0003E-216 1.0003E-216 1.0003E-216 1.0003E-216 1.0003E-216  1.6182E-01  1.0511E-09  4.8891E-04  2.0088E-76  1.0593E-04  5.0435E-27 1.4609E-103  1.1932E-10 1.0003E-216 1.0003E-216 1.0003E-216 1.0003E-216 1.0003E-216 1.0003E-216 1.0003E-216 1.0003E-216 1.0003E-216  5.5021E-71
 2.6329E-166  8.3759E-01  5.1207E-84 3.3368E-217 3.3368E-217 3.3368E-217 3.3368E-217 3.3368E-217  1.6182E-01  3.5061E-10  4.8880E-04  7.4547E-78  1.0684E-04  5.7073E-28 1.3017E-102  1.3168E-11 3.3368E-217 3.3368E-217 3.3368E-217 3.3368E-217 3.3368E-217 3.3368E-217 3.3368E-217 3.3368E-217 3.3368E-217  6.8113E-73
 6.7566E-167  8.3758E-01  2.8049E-84 1.0010E-217 1.0010E-217 1.0010E-217 1.0010E-217 1.0010E-217  1.6182E-01  1.0518E-10  4.8879E-04  2.0125E-79  1.1490E-04  5.9405E-29 1.3450E-101  1.1019E-12 1.0010E-217 1.0010E-217 1.0010E-217 1.0010E-217 1.0010E-217 1.0010E-217 1.0010E-217 1.0010E-217 1.0010E-217  5.5160E-75
  3.3380E-97  8.3769E-01  3.3380E-97  3.3380E-97  3.3380E-97  3.3380E-97  3.3380E-97  3.3380E-97  1.6169E-01  3.5074E-11  4.8852E-04  3.3380E-97  1.3455E-04  9.0591E-30  3.3380E-97  1.0464E-13  3.3380E-97  3.3380E-97  3.3380E-97  3.3380E-97  3.3380E-97  3.3380E-97  3.3380E-97  3.3380E-97  3.3380E-97  6.8153E-77
  1.0013E-97  8.3769E-01  1.0013E-97  1.0013E-97  1.0013E-97  1.0013E-97  1.0013E-97  1.0013E-97  1.6169E-01  1.0522E-11  4.8852E-04  1.0013E-97  1.3455E-04  8.1523E-31  1.0013E-97  9.4163E-15  1.0013E-97  1.0013E-97  1.0013E-97  1.0013E-97  1.0013E-97  1.0013E-97  1.0013E-97  1.0013E-97  1.0013E-97  1.0013E-97
  3.3380E-98  8.3769E-01  3.3380E-98  3.3380E-98  3.3380E-98  3.3380E-98  3.3380E-98  3.3380E-98  1.6169E-01  3.5074E-12  4.8852E-04  3.3380E-98  1.3455E-04  9.0591E-32  3.3380E-98  1.0464E-15  3.3380E-98  3.3380E-98  3.3380E-98  3.3380E-98  3.3380E-98  3.3380E-98  3.3380E-98  3.3380E-98  3.3380E-98  3.3380E-98
  1.0014E-98  8.3776E-01  1.0014E-98  1.0014E-98  1.0014E-98  1.0014E-98  1.0014E-98  1.0014E-98  1.6170E-01  1.0522E-12  4.8856E-04  1.0014E-98  4.8442E-05  1.0559E-33  1.0014E-98  2.6159E-16  1.0014E-98  1.0014E-98  1.0014E-98  1.0014E-98  1.0014E-98  1.0014E-98  1.0014E-98  1.0014E-98  1.0014E-98  1.0014E-98
  3.3384E-99  8.3779E-01  3.3384E-99  3.3384E-99  3.3384E-99  3.3384E-99  3.3384E-99  3.3384E-99  1.6171E-01  3.5078E-13  4.8858E-04  3.3384E-99  1.6149E-05  1.3036E-35  3.3384E-99  8.7204E-17  3.3384E-99  3.3384E-99  3.3384E-99  3.3384E-99  3.3384E-99  3.3384E-99  3.3384E-99  3.3384E-99  3.3384E-99  3.3384E-99
  1.0013E-99  8.3783E-01  1.0013E-99  1.0013E-99  1.0013E-99  1.0013E-99  1.0013E-99  1.0013E-99  1.6168E-01  1.0521E-13  4.8849E-04  1.0013E-99  4.8434E-06  1.0555E-37  1.0013E-99  2.6155E-17  1.0013E-99  1.0013E-99  1.0013E-99  1.0013E-99  1.0013E-99  1.0013E-99  1.0013E-99  1.0013E-99  1.0013E-99  1.0013E-99
 3.3378E-100  8.3783E-01 3.3378E-100 3.3378E-100 3.3378E-100 3.3378E-100 3.3378E-100 3.3378E-100  1.6168E-01  3.5072E-14  4.8849E-04 3.3378E-100  1.6146E-06  1.3033E-39 3.3378E-100  8.7188E-18 3.3378E-100 3.3378E-100 3.3378E-100 3.3378E-100 3.3378E-100 3.3378E-100 3.3378E-100 3.3378E-100 3.3378E-100 3.3378E-100
 1.0013E-100  8.3783E-01 1.0013E-100 1.0013E-100 1.0013E-100 1.0013E-100 1.0013E-100 1.0013E-100  1.6168E-01  1.0521E-14  4.8849E-04 1.0013E-100  4.8435E-07  1.0555E-41 1.0013E-100  2.6155E-18 1.0013E-100 1.0013E-100 1.0013E-100 1.0013E-100 1.0013E-100 1.0013E-100 1.0013E-100 1.0013E-100 1.0013E-100 1.0013E-100
 3.3378E-101  8.3783E-01 3.3378E-101 3.3378E-101 3.3378E-101 3.3378E-101 3.3378E-101 3.3378E-101  1.6168E-01  3.5072E-15  4.8849E-04 3.3378E-101  1.6146E-07  1.3033E-43 3.3378E-101  8.7188E-19 3.3378E-101 3.3378E-101 3.3378E-101 3.3378E-101 3.3378E-101 3.3378E-101 3.3378E-101 3.3378E-101 3.3378E-101 3.3378E-101
 1.0013E-101  8.3783E-01 1.0013E-101 1.0013E-101 1.0013E-101 1.0013E-101 1.0013E-101 1.0013E-101  1.6168E-01  1.0521E-15  4.8849E-04 1.0013E-101  4.8435E-08  1.0555E-45 1.0013E-101  2.6161E-19 1.0013E-101 1.0013E-101 1.0013E-101 1.0013E-101 1.0013E-101 1.0013E-101 1.0013E-101 1.0013E-101 1.0013E-101 1.0013E-101
 4.4823E-153  8.3753E-01  1.6010E-76 1.0003E-214 8.4179E-207 1.0003E-214 1.0003E-214 1.0003E-214  1.6181E-01  3.6208E-06  4.8899E-04  4.8798E-63  1.3468E-04  3.5424E-20 5.4891E-101  2.8741E-05 1.0003E-214 1.0003E-214 1.0003E-214 1.0003E-214 1.0003E-214 1.0003E-214 1.0003E-214 1.0003E-214 1.0003E-214  2.5835E-55
 2.5876E-153  8.3754E-01  9.2449E-77 3.3344E-215 8.4162E-207 3.3344E-215 3.3344E-215 3.3344E-215  1.6181E-01  1.2070E-06  4.8888E-04  1.8076E-64  1.3468E-04  3.9364E-21 4.9397E-100  2.8741E-05 3.3344E-215 3.3344E-215 3.3344E-215 3.3344E-215 3.3344E-215 3.3344E-215 3.3344E-215 3.3344E-215 3.3344E-215  3.1901E-57
 1.1296E-153  8.3757E-01  5.0655E-77 1.0010E-215 8.0396E-207 1.0010E-215 1.0010E-215 1.0010E-215  1.6182E-01  3.6235E-07  4.8879E-04  4.8890E-66  1.1693E-04  2.6744E-22  5.8388E-96  4.8331E-06 1.0010E-215 1.0010E-215 1.0010E-215 1.0010E-215 1.0010E-215 1.0010E-215 1.0010E-215 1.0010E-215 1.0010E-215  2.5901E-59
 7.5531E-154  8.3758E-01  2.9243E-77 3.3368E-216 8.0411E-207 3.3368E-216 3.3368E-216 3.3368E-216  1.6182E-01  9.5946E-08  4.8868E-04  1.8106E-67  1.1464E-04  2.8558E-23  5.7959E-98  5.4780E-07 3.3368E-216 3.3368E-216 3.3368E-216 3.3368E-216 3.3368E-216 3.3368E-216 3.3368E-216 3.3368E-216 3.3368E-216  3.1976E-61
 4.0135E-154  8.3758E-01  1.6019E-77 1.0010E-216 7.6001E-207 1.0010E-216 1.0010E-216 1.0010E-216  1.6182E-01  2.8782E-08  4.8891E-04  4.8902E-69  1.0790E-04  2.2768E-24  6.8427E-97  5.2376E-08 1.0010E-216 1.0010E-216 1.0010E-216 1.0010E-216 1.0010E-216 1.0010E-216 1.0010E-216 1.0010E-216 1.0010E-216  2.5914E-63
 2.0366E-154  8.3755E-01  9.2451E-78 3.3344E-217 8.0223E-207 3.3344E-217 3.3344E-217 3.3344E-217  1.6185E-01  9.5876E-09  4.8866E-04  1.8064E-70  1.1405E-04  2.8223E-25  5.8346E-96  5.4981E-09 3.3344E-217 3.3344E-217 3.3344E-217 3.3344E-217 3.3344E-217 3.3344E-217 3.3344E-217 3.3344E-217 3.3344E-217  3.1880E-65
 1.3607E-154  8.3763E-01  5.0647E-78 1.0006E-217 6.6017E-207 1.0006E-217 1.0006E-217 1.0006E-217  1.6175E-01  2.8771E-09  4.8916E-04  4.5588E-72  1.2404E-04  3.0058E-26  7.8570E-95  4.5515E-10 1.0006E-217 1.0006E-217 1.0006E-217 1.0006E-217 1.0006E-217 1.0006E-217 1.0006E-217 1.0006E-217 1.0006E-217  2.2530E-67
  3.3380E-97  8.3769E-01  3.3380E-97  3.3380E-97  3.3380E-97  3.3380E-97  3.3380E-97  3.3380E-97  1.6169E-01  1.0284E-09  4.8852E-04  1.8117E-73  1.3458E-04  3.9381E-27  3.3380E-97  4.6696E-11  3.3380E-97  3.3380E-97  3.3380E-97  3.3380E-97  3.3380E-97  3.3380E-97  3.3380E-97  3.3380E-97  3.3380E-97  3.2010E-69
  1.0013E-97  8.3769E-01  1.6021E-78  1.0013E-97  1.0013E-97  1.0013E-97  1.0013E-97  1.0013E-97  1.6169E-01  3.0852E-10  4.8852E-04  4.8908E-75  1.3458E-04  3.5431E-28  1.0013E-97  4.2023E-12  1.0013E-97  1.0013E-97  1.0013E-97  1.0013E-97  1.0013E-97  1.0013E-97  1.0013E-97  1.0013E-97  1.0013E-97  2.5923E-71
  3.3380E-98  8.3769E-01  9.2509E-79  3.3380E-98  3.3380E-98  3.3380E-98  3.3380E-98  3.3380E-98  1.6169E-01  1.0284E-10  4.8852E-04  1.8117E-76  1.3458E-04  3.9381E-29  3.3380E-98  4.6696E-13  3.3380E-98  3.3380E-98  3.3380E-98  3.3380E-98  3.3380E-98  3.3380E-98  3.3380E-98  3.3380E-98  3.3380E-98  3.2010E-73
  1.0013E-98  8.3769E-01  5.0662E-79  1.0013E-98  1.0013E-98  1.0013E-98  1.0013E-98  1.0013E-98  1.6169E-01  3.0852E-11  4.8852E-04  4.8908E-78  1.3458E-04  3.5431E-30  1.0013E-98  4.2023E-14  1.0013E-98  1.0013E-98  1.0013E-98  1.0013E-98  1.0013E-98  1.0013E-98  1.0013E-98  1.0013E-98  1.0013E-98  2.5923E-75
  3.3380E-99  8.3770E-01  2.9254E-79  3.3380E-99  3.3380E-99  3.3380E-99  3.3380E-99  3.3380E-99  1.6169E-01  1.0285E-11  4.8853E-04  1.8117E-79  1.2039E-04  3.1513E-31  3.3380E-99  5.2202E-15  3.3380E-99  3.3380E-99  3.3380E-99  3.3380E-99  3.3380E-99  3.3380E-99  3.3380E-99  3.3380E-99  3.3380E-99  3.2003E-77
  1.0012E-99  8.3780E-01  1.6019E-79  1.0012E-99  1.0012E-99  1.0012E-99  1.0012E-99  1.0012E-99  1.6167E-01  3.0849E-12  4.8847E-04  1.0012E-99  3.6111E-05  2.5512E-33  1.0012E-99  1.5658E-15  1.0012E-99  1.0012E-99  1.0012E-99  1.0012E-99  1.0012E-99  1.0012E-99  1.0012E-99  1.0012E-99  1.0012E-99  2.5902E-79
 3.3377E-100  8.3782E-01  9.2502E-80 3.3377E-100 3.3377E-100 3.3377E-100 3.3377E-100 3.3377E-100  1.6168E-01  1.0284E-12  4.8848E-04 3.3377E-100  1.2038E-05  3.1496E-35 3.3377E-100  5.2198E-16 3.3377E-100 3.3377E-100 3.3377E-100 3.3377E-100 3.3377E-100 3.3377E-100 3.3377E-100 3.3377E-100 3.3377E-100 3.3377E-100
 1.0013E-100  8.3783E-01  5.0670E-80 1.0013E-100 1.0013E-100 1.0013E-100 1.0013E-100 1.0013E-100  1.6168E-01  3.0850E-13  4.8849E-04 1.0013E-100  3.6112E-06  2.5507E-37 1.0013E-100  1.5659E-16 1.0013E-100 1.0013E-100 1.0013E-100 1.0013E-100 1.0013E-100 1.0013E-100 1.0013E-100 1.0013E-100 1.0013E-100 1.0013E-100
 3.3378E-101  8.3783E-01  2.9252E-80 3.3378E-101 3.3378E-101 3.3378E-101 3.3378E-101 3.3378E-101  1.6168E-01  1.0284E-13  4.8849E-04 3.3378E-101  1.2038E-06  3.1496E-39 3.3378E-101  5.2198E-17 3.3378E-101 3.3378E-101 3.3378E-101 3.3378E-101 3.3378E-101 3.3378E-101 3.3378E-101 3.3378E-101 3.3378E-101 3.3378E-101
 1.0013E-101  8.3783E-01  1.6023E-80 1.0013E-101 1.0013E-101 1.0013E-101 1.0013E-101 1.0013E-101  1.6168E-01  3.0850E-14  4.8849E-04 1.0013E-101  3.6112E-07  2.5507E-41  2.0448E-82  1.5659E-17 1.0013E-101 1.0013E-101 1.0013E-101 1.0013E-101 1.0013E-101 1.0013E-101 1.0013E-101 1.0013E-101 1.0013E-101 1.0013E-101
 1.0036E-142  8.3746E-01  4.2351E-71 1.0002E-214 5.4082E-193 1.0002E-214 1.0002E-214 1.0002E-214  1.6183E-01  5.7592E-05  4.8895E-04  1.2282E-56  1.3467E-04  6.8496E-18  3.3726E-95  2.8738E-05 1.0002E-214 1.0002E-214 1.0002E-214 1.0002E-214 1.0002E-214 1.0002E-214 1.0002E-214 1.0002E-214 1.0002E-214  1.1512E-48
 5.7940E-143  8.3749E-01  2.4456E-71 3.3342E-215 5.4087E-193 3.3342E-215 3.3342E-215 3.3342E-215  1.6184E-01  1.9199E-05  4.8897E-04  4.5497E-58  1.3467E-04  7.6117E-19  3.0358E-94  2.8746E-05 3.3342E-215 3.3342E-215 3.3342E-215 3.3342E-215 3.3342E-215 3.3342E-215 3.3342E-215 3.3342E-215 3.3342E-215  1.4216E-50
 3.1732E-143  8.3753E-01  1.3391E-71 1.0000E-215 5.4074E-193 1.0000E-215 1.0000E-215 1.0000E-215  1.6181E-01  5.7584E-06  4.8888E-04  1.2280E-59  1.3468E-04  6.8486E-20  3.3729E-93  2.8741E-05 1.0000E-215 1.0000E-215 1.0000E-215 1.0000E-215 1.0000E-215 1.0000E-215 1.0000E-215 1.0000E-215 1.0000E-215  1.1508E-52
 1.8319E-143  8.3754E-01  7.7322E-72 3.3336E-216 5.4088E-193 3.3336E-216 3.3336E-216 3.3336E-216  1.6181E-01  1.9196E-06  4.8888E-04  4.5489E-61  1.3468E-04  7.6103E-21  3.0353E-92  2.8741E-05 3.3336E-216 3.3336E-216 3.3336E-216 3.3336E-216 3.3336E-216 3.3336E-216 3.3336E-216 3.3336E-216 3.3336E-216  1.4210E-54
 9.7885E-144  8.3756E-01  4.2346E-72 1.0001E-216 5.0225E-193 1.0001E-216 1.0001E-216 1.0001E-216  1.6181E-01  5.7586E-07  4.8890E-04  1.2280E-62  1.2815E-04  6.2032E-22  3.5450E-91  8.6959E-06 1.0001E-216 1.0001E-216 1.0001E-216 1.0001E-216 1.0001E-216 1.0001E-216 1.0001E-216 1.0001E-216 1.0001E-216  1.1508E-56
 5.5020E-144  8.3757E-01  2.4452E-72 3.3337E-217 4.8477E-193 3.3337E-217 3.3337E-217 3.3337E-217  1.6182E-01  1.9197E-07  4.8890E-04  4.5480E-64  1.2146E-04  6.1876E-23  3.3676E-90  1.0215E-06 3.3337E-217 3.3337E-217 3.3337E-217 3.3337E-217 3.3337E-217 3.3337E-217 3.3337E-217 3.3337E-217 3.3337E-217  1.4208E-58
 3.0159E-144  8.3757E-01  1.3397E-72 1.0008E-217 4.8520E-193 1.0008E-217 1.0008E-217 1.0008E-217  1.6182E-01  5.7626E-08  4.8890E-04  1.2306E-65  1.2154E-04  5.5863E-24  3.7327E-89  9.1965E-08 1.0008E-217 1.0008E-217 1.0008E-217 1.0008E-217 1.0008E-217 1.0008E-217 1.0008E-217 1.0008E-217 1.0008E-217  1.1540E-60
  3.3441E-97  8.3769E-01  7.7461E-73  3.3441E-97  3.3441E-97  3.3441E-97  3.3441E-97  3.3441E-97  1.6169E-01  1.9257E-08  4.8852E-04  4.5844E-67  1.3458E-04  7.6416E-25  3.3441E-97  9.2764E-09  3.3441E-97  3.3441E-97  3.3441E-97  3.3441E-97  3.3441E-97  3.3441E-97  3.3441E-97  3.3441E-97  3.3441E-97  1.4367E-62
  1.0032E-97  8.3769E-01  4.2421E-73  1.0032E-97  1.0032E-97  1.0032E-97  1.0032E-97  1.0032E-97  1.6169E-01  5.7767E-09  4.8852E-04  1.2376E-68  1.3458E-04  6.8767E-26  1.0032E-97  8.3480E-10  1.0032E-97  1.0032E-97  1.0032E-97  1.0032E-97  1.0032E-97  1.0032E-97  1.0032E-97  1.0032E-97  1.0032E-97  1.1635E-64
  3.3441E-98  8.3769E-01  2.4495E-73  3.3441E-98  3.3441E-98  3.3441E-98  3.3441E-98  3.3441E-98  1.6169E-01  1.9257E-09  4.8852E-04  4.5844E-70  1.3458E-04  7.6416E-27  3.3441E-98  9.2764E-11  3.3441E-98  3.3441E-98  3.3441E-98  3.3441E-98  3.3441E-98  3.3441E-98  3.3441E-98  3.3441E-98  3.3441E-98  1.4367E-66
  1.0032E-98  8.3769E-01  1.3415E-73  1.0032E-98  1.0032E-98  1.0032E-98  1.0032E-98  1.0032E-98  1.6169E-01  5.7767E-10  4.8852E-04  1.2376E-71  1.3458E-04  6.8767E-28  1.0032E-98  8.3480E-12  1.0032E-98  1.0032E-98  1.0032E-98  1.0032E-98  1.0032E-98  1.0032E-98  1.0032E-98  1.0032E-98  1.0032E-98  1.1635E-68
  3.3441E-99  8.3769E-01  7.7461E-74  3.3441E-99  3.3441E-99  3.3441E-99  3.3441E-99  3.3441E-99  1.6169E-01  1.9257E-10  4.8852E-04  4.5854E-73  1.3458E-04  7.6416E-29  3.3441E-99  9.2765E-13  3.3441E-99  3.3441E-99  3.3441E-99  3.3441E-99  3.3441E-99  3.3441E-99  3.3441E-99  3.3441E-99  3.3441E-99  1.4367E-70
  1.0032E-99  8.3769E-01  4.2421E-74  1.0032E-99  1.0032E-99  1.0032E-99  1.0032E-99  1.0032E-99  1.6169E-01  5.7767E-11  4.8852E-04  1.2376E-74  1.3458E-04  6.8767E-30  1.0032E-99  8.3480E-14  1.0032E-99  1.0032E-99  1.0032E-99  1.0032E-99  1.0032E-99  1.0032E-99  1.0032E-99  1.0032E-99  1.0032E-99  1.1635E-72
 3.3437E-100  8.3777E-01  2.4492E-74 3.3437E-100 3.3437E-100 3.3437E-100 3.3437E-100 3.3437E-100  1.6167E-01  1.9254E-11  4.8846E-04  4.5828E-76  6.8806E-05  1.9968E-31 3.3437E-100  1.8140E-14 3.3437E-100 3.3437E-100 3.3437E-100 3.3437E-100 3.3437E-100 3.3437E-100 3.3437E-100 3.3437E-100 3.3437E-100  1.4359E-74
 1.0031E-100  8.3781E-01  1.3417E-74 1.0031E-100 1.0031E-100 1.0031E-100 1.0031E-100 1.0031E-100  1.6168E-01  5.7763E-12  4.8848E-04  1.0855E-76  2.0642E-05  1.6168E-33 1.0031E-100  5.4419E-15 1.0031E-100 1.0031E-100 1.0031E-100 1.0031E-100 1.0031E-100 1.0031E-100 1.0031E-100 1.0031E-100 1.0031E-100  8.9546E-75
 3.3439E-101  8.3783E-01  7.7455E-75 3.3439E-101 3.3439E-101 3.3439E-101 3.3439E-101 3.3439E-101  1.6168E-01  1.9255E-12  4.8849E-04  4.5809E-79  6.8810E-06  1.9964E-35 3.3439E-101  1.8141E-15 3.3439E-101 3.3439E-101 3.3439E-101 3.3439E-101 3.3439E-101 3.3439E-101 3.3439E-101 3.3439E-101 3.3439E-101  1.4353E-78
 1.0031E-101  8.3783E-01  4.2428E-75 1.0031E-101 1.0031E-101 1.0031E-101 1.0031E-101 1.0031E-101  1.6168E-01  5.7764E-13  4.8849E-04  1.2367E-80  2.0642E-06  1.6168E-37 1.0031E-101  5.4420E-16 1.0031E-101 1.0031E-101 1.0031E-101 1.0031E-101 1.0031E-101 1.0031E-101 1.0031E-101 1.0031E-101 1.0031E-101  1.1624E-80
 1.1420E-133  8.3691E-01  2.3517E-66 1.0002E-214 6.5265E-181 1.0002E-214 1.0002E-214 1.0002E-214  1.6169E-01  7.4641E-04  4.8852E-04  4.9043E-51  1.3458E-04  6.8640E-16  3.9092E-90  2.8720E-05 1.0002E-214 1.0002E-214 1.0002E-214 1.0002E-214 1.0002E-214 1.0002E-214 1.0002E-214 1.0002E-214 1.0002E-214  7.5819E-43
 6.5945E-134  8.3730E-01  1.3583E-66 3.3342E-215 6.5310E-181 3.3342E-215 3.3342E-215 3.3342E-215  1.6180E-01  2.4882E-04  4.8886E-04  1.8146E-52  1.3464E-04  7.6240E-17  3.5236E-89  2.8733E-05 3.3342E-215 3.3342E-215 3.3342E-215 3.3342E-215 3.3342E-215 3.3342E-215 3.3342E-215 3.3342E-215 3.3342E-215  9.3493E-45
 3.6122E-134  8.3748E-01  7.4400E-67 1.0002E-215 6.5309E-181 1.0002E-215 1.0002E-215 1.0002E-215  1.6180E-01  7.4640E-05  4.8885E-04  4.8975E-54  1.3467E-04  6.8592E-18  3.9172E-88  2.8739E-05 1.0002E-215 1.0002E-215 1.0002E-215 1.0002E-215 1.0002E-215 1.0002E-215 1.0002E-215 1.0002E-215 1.0002E-215  7.5661E-47
 2.0859E-134  8.3752E-01  4.2953E-67 3.3343E-216 6.5329E-181 3.3343E-216 3.3343E-216 3.3343E-216  1.6181E-01  2.4882E-05  4.8887E-04  1.8138E-55  1.3468E-04  7.6224E-19  3.5261E-87  2.8740E-05 3.3343E-216 3.3343E-216 3.3343E-216 3.3343E-216 3.3343E-216 3.3343E-216 3.3343E-216 3.3343E-216 3.3343E-216  9.3431E-49
 1.1424E-134  8.3753E-01  2.3529E-67 1.0003E-216 6.5327E-181 5.3691E-216 1.0003E-216 1.0003E-216  1.6181E-01  7.4645E-06  4.8899E-04  4.8967E-57  1.3468E-04  6.8596E-20  3.9184E-86  2.8748E-05 1.0003E-216 1.0003E-216 1.0003E-216 1.0003E-216 1.0003E-216 1.0003E-216 1.0003E-216 1.0003E-216 1.0003E-216  7.5666E-51
 6.5961E-135  8.3750E-01  1.3583E-67 3.3342E-217 6.5328E-181 9.2980E-216 3.3342E-217 3.3342E-217  1.6184E-01  2.4882E-06  4.8886E-04  1.8138E-58  1.3468E-04  7.6223E-21  3.5260E-85  2.8747E-05 3.3342E-217 3.3342E-217 3.3342E-217 3.3342E-217 3.3342E-217 3.3342E-217 3.3342E-217 3.3342E-217 3.3342E-217  9.3409E-53
 3.3932E-135  8.3754E-01  7.4406E-68 1.0003E-217 6.2159E-181 1.6159E-215 1.0003E-217 1.0003E-217  1.6185E-01  7.4646E-07  4.8866E-04  4.8945E-60  1.1880E-04  5.3346E-22  4.4433E-84  9.6052E-06 1.0003E-217 1.0003E-217 1.0003E-217 1.0003E-217 1.0003E-217 1.0003E-217 1.0003E-217 1.0003E-217 1.0003E-217  7.5615E-55
  3.3380E-97  8.3769E-01  4.2981E-68  3.3380E-97  3.3380E-97  3.3380E-97  3.3380E-97  3.3380E-97  1.6169E-01  2.4910E-07  4.8852E-04  1.8184E-61  1.3458E-04  7.6240E-23  3.3380E-97  9.4424E-07  3.3380E-97  3.3380E-97  3.3380E-97  3.3380E-97  3.3380E-97  3.3380E-97  3.3380E-97  3.3380E-97  3.3380E-97  9.3752E-57
  1.0013E-97  8.3769E-01  2.3539E-68  1.0013E-97  1.0013E-97  1.0013E-97  1.0013E-97  1.0013E-97  1.6169E-01  7.4728E-08  4.8852E-04  4.9077E-63  1.3458E-04  6.8609E-24  1.0013E-97  8.4973E-08  1.0013E-97  1.0013E-97  1.0013E-97  1.0013E-97  1.0013E-97  1.0013E-97  1.0013E-97  1.0013E-97  1.0013E-97  7.5907E-59
  3.3380E-98  8.3769E-01  1.3592E-68  3.3380E-98  3.3380E-98  3.3380E-98  3.3380E-98  3.3380E-98  1.6169E-01  2.4910E-08  4.8852E-04  1.8179E-64  1.3458E-04  7.6240E-25  3.3380E-98  9.4424E-09  3.3380E-98  3.3380E-98  3.3380E-98  3.3380E-98  3.3380E-98  3.3380E-98  3.3380E-98  3.3380E-98  3.3380E-98  9.3730E-61
  1.0013E-98  8.3769E-01  7.4453E-69  1.0013E-98  1.0013E-98  1.0013E-98  1.0013E-98  1.0013E-98  1.6169E-01  7.4728E-09  4.8852E-04  4.9077E-66  1.3458E-04  6.8609E-26  1.0013E-98  8.4973E-10  1.0013E-98  1.0013E-98  1.0013E-98  1.0013E-98  1.0013E-98  1.0013E-98  1.0013E-98  1.0013E-98  1.0013E-98  7.5907E-63
