e- H2 H H+ H- H2- H2+ H3+ He Ar CH4 CO2 N2 O2 H2O CO
  4.5027E-38  8.3727E-01  4.5027E-38  4.5027E-38  4.5027E-38  4.5027E-38  4.5027E-38  4.5027E-38  1.6250E-01  0.0000E+00  2.3329E-04  4.5027E-38  4.5027E-38  0.0000E+00  7.2644E-23  4.5027E-38
  4.5027E-38  8.3727E-01  4.5027E-38  4.5027E-38  4.5027E-38  4.5027E-38  4.5027E-38  4.5027E-38  1.6250E-01  0.0000E+00  2.3329E-04  4.5027E-38  4.5027E-38  0.0000E+00  2.4215E-23  4.5027E-38
  4.5027E-38  8.3727E-01  4.5027E-38  4.5027E-38  4.5027E-38  4.5027E-38  4.5027E-38  4.5027E-38  1.6250E-01  0.0000E+00  2.3329E-04  4.5027E-38  4.5027E-38  0.0000E+00  7.2644E-24  4.5027E-38
  4.5027E-38  8.3727E-01  4.5027E-38  4.5027E-38  4.5027E-38  4.5027E-38  4.5027E-38  4.5027E-38  1.6250E-01  0.0000E+00  2.3329E-04  4.5027E-38  4.5027E-38  0.0000E+00  2.4215E-24  4.5027E-38
  4.5027E-38  8.3727E-01  4.5027E-38  4.5027E-38  4.5027E-38  4.5027E-38  4.5027E-38  4.5027E-38  1.6250E-01  0.0000E+00  2.3329E-04  4.5027E-38  4.5027E-38  0.0000E+00  7.2644E-25  4.5027E-38
  4.5027E-38  8.3727E-01  4.5027E-38  4.5027E-38  4.5027E-38  4.5027E-38  4.5027E-38  4.5027E-38  1.6250E-01  0.0000E+00  2.3329E-04  4.5027E-38  4.5027E-38  0.0000E+00  2.4215E-25  4.5027E-38
  4.5027E-38  8.3727E-01  4.5027E-38  4.5027E-38  4.5027E-38  4.5027E-38  4.5027E-38  4.5027E-38  1.6250E-01  0.0000E+00  2.3329E-04  4.5027E-38  4.5027E-38  0.0000E+00  7.2644E-26  4.5027E-38
  4.5027E-38  8.3727E-01  4.5027E-38  4.5027E-38  4.5027E-38  4.5027E-38  4.5027E-38  4.5027E-38  1.6250E-01  0.0000E+00  2.3329E-04  4.5027E-38  4.5027E-38  0.0000E+00  2.4215E-26  4.5027E-38
  4.5027E-38  8.3727E-01  4.5027E-38  4.5027E-38  4.5027E-38  4.5027E-38  4.5027E-38  4.5027E-38  1.6250E-01  0.0000E+00  2.3329E-04  4.5027E-38  4.5027E-38  0.0000E+00  7.2644E-27  4.5027E-38
  4.5027E-38  8.3727E-01  4.5027E-38  4.5027E-38  4.5027E-38  4.5027E-38  4.5027E-38  4.5027E-38  1.6250E-01  0.0000E+00  2.3329E-04  4.5027E-38  4.5027E-38  0.0000E+00  2.4215E-27  4.5027E-38
  4.5027E-38  8.3727E-01  4.5027E-38  4.5027E-38  4.5027E-38  4.5027E-38  4.5027E-38  4.5027E-38  1.6250E-01  0.0000E+00  2.3329E-04  4.5027E-38  4.5027E-38  0.0000E+00  7.2644E-28  4.5027E-38
  4.5027E-38  8.3727E-01  4.5027E-38  4.5027E-38  4.5027E-38  4.5027E-38  4.5027E-38  4.5027E-38  1.6250E-01  0.0000E+00  2.3329E-04  4.5027E-38  4.5027E-38  0.0000E+00  2.4215E-28  4.5027E-38
  4.5027E-38  8.3727E-01  4.5027E-38  4.5027E-38  4.5027E-38  4.5027E-38  4.5027E-38  4.5027E-38  1.6250E-01  0.0000E+00  2.3329E-04  4.5027E-38  4.5027E-38  0.0000E+00  7.2644E-29  4.5027E-38
  4.5027E-38  8.3727E-01  4.5027E-38  4.5027E-38  4.5027E-38  4.5027E-38  4.5027E-38  4.5027E-38  1.6250E-01  0.0000E+00  2.3329E-04  4.5027E-38  4.5027E-38  0.0000E+00  2.4215E-29  4.5027E-38
  4.5027E-38  8.3727E-01  4.5027E-38  4.5027E-38  4.5027E-38  4.5027E-38  4.5027E-38  4.5027E-38  1.6250E-01  0.0000E+00  2.3329E-04  4.5027E-38  4.5027E-38  0.0000E+00  7.2644E-30  4.5027E-38
  4.5024E-38  8.3721E-01  4.5024E-38  4.5024E-38  4.5024E-38  4.5024E-38  4.5024E-38  4.5024E-38  1.6249E-01  0.0000E+00  2.3328E-04  4.5024E-38  2.0867E-32  0.0000E+00  6.2869E-14  4.5024E-38
  4.5024E-38  8.3721E-01  4.5024E-38  4.5024E-38  4.5024E-38  4.5024E-38  4.5024E-38  4.5024E-38  1.6249E-01  0.0000E+00  2.3328E-04  4.5024E-38  2.3186E-33  0.0000E+00  2.0956E-14  4.5024E-38
  4.5024E-38  8.3721E-01  4.5024E-38  4.5024E-38  4.5024E-38  4.5024E-38  4.5024E-38  4.5024E-38  1.6249E-01  0.0000E+00  2.3328E-04  4.5024E-38  2.0867E-34  0.0000E+00  6.2869E-15  4.5024E-38
  4.5026E-38  8.3724E-01  4.5026E-38  4.5026E-38  4.5026E-38  4.5026E-38  4.5026E-38  4.5026E-38  1.6249E-01  0.0000E+00  2.3328E-04  4.5026E-38  4.5026E-38  0.0000E+00  2.0957E-15  4.5026E-38
  4.5027E-38  8.3726E-01  4.5027E-38  4.5027E-38  4.5027E-38  4.5027E-38  4.5027E-38  4.5027E-38  1.6250E-01  0.0000E+00  2.3329E-04  4.5027E-38  4.5027E-38  0.0000E+00  6.2872E-16  4.5027E-38
  4.5027E-38  8.3727E-01  4.5027E-38  4.5027E-38  4.5027E-38  4.5027E-38  4.5027E-38  4.5027E-38  1.6250E-01  0.0000E+00  2.3329E-04  4.5027E-38  4.5027E-38  0.0000E+00  2.0958E-16  4.5027E-38
  4.5027E-38  8.3727E-01  4.5027E-38  4.5027E-38  4.5027E-38  4.5027E-38  4.5027E-38  4.5027E-38  1.6250E-01  0.0000E+00  2.3329E-04  4.5027E-38  4.5027E-38  0.0000E+00  6.2873E-17  4.5027E-38
  4.5027E-38  8.3727E-01  4.5027E-38  4.5027E-38  4.5027E-38  4.5027E-38  4.5027E-38  4.5027E-38  1.6250E-01  0.0000E+00  2.3329E-04  4.5027E-38  4.5027E-38  0.0000E+00  2.0958E-17  4.5027E-38
  4.5027E-38  8.3727E-01  4.5027E-38  4.5027E-38  4.5027E-38  4.5027E-38  4.5027E-38  4.5027E-38  1.6250E-01  0.0000E+00  2.3329E-04  4.5027E-38  4.5027E-38  0.0000E+00  6.2873E-18  4.5027E-38
  4.5027E-38  8.3727E-01  4.5027E-38  4.5027E-38  4.5027E-38  4.5027E-38  4.5027E-38  4.5027E-38  1.6250E-01  0.0000E+00  2.3329E-04  4.5027E-38  4.5027E-38  0.0000E+00  2.0958E-18  4.5027E-38
  4.5027E-38  8.3727E-01  4.5027E-38  4.5027E-38  4.5027E-38  4.5027E-38  4.5027E-38  4.5027E-38  1.6250E-01  0.0000E+00  2.3329E-04  4.5027E-38  4.5027E-38  0.0000E+00  6.2873E-19  4.5027E-38
  4.5027E-38  8.3727E-01  4.5027E-38  4.5027E-38  4.5027E-38  4.5027E-38  4.5027E-38  4.5027E-38  1.6250E-01  0.0000E+00  2.3329E-04  4.5027E-38  4.5027E-38  0.0000E+00  2.0958E-19  4.5027E-38
  4.5027E-38  8.3727E-01  4.5027E-38  4.5027E-38  4.5027E-38  4.5027E-38  4.5027E-38  4.5027E-38  1.6250E-01  0.0000E+00  2.3329E-04  4.5027E-38  4.5027E-38  0.0000E+00  6.2873E-20  4.5027E-38
  4.5027E-38  8.3727E-01  4.5027E-38  4.5027E-38  4.5027E-38  4.5027E-38  4.5027E-38  4.5027E-38  1.6250E-01  0.0000E+00  2.3329E-04  4.5027E-38  4.5027E-38  0.0000E+00  2.0958E-20  4.5027E-38
  4.5027E-38  8.3727E-01  4.5027E-38  4.5027E-38  4.5027E-38  4.5027E-38  4.5027E-38  4.5027E-38  1.6250E-01  0.0000E+00  2.3329E-04  4.5027E-38  4.5027E-38  0.0000E+00  6.2873E-21  4.5027E-38
  4.5027E-38  8.3727E-01  4.5027E-38  4.5027E-38  4.5027E-38  4.5027E-38  4.5027E-38  4.5027E-38  1.6250E-01  0.0000E+00  2.3329E-04  4.5027E-38  4.5027E-38  0.0000E+00  2.0958E-21  4.5027E-38
  4.5024E-38  8.3721E-01  4.5024E-38  4.5024E-38  4.5024E-38  4.5024E-38  4.5024E-38  4.5024E-38  1.6249E-01  0.0000E+00  2.3328E-04  4.5024E-38  1.8807E-28  0.0000E+00  1.7213E-11  4.5024E-38
  4.5024E-38  8.3721E-01  4.5024E-38  4.5024E-38  4.5024E-38  4.5024E-38  4.5024E-38  4.5024E-38  1.6249E-01  0.0000E+00  2.3328E-04  4.5024E-38  2.0897E-29  0.0000E+00  5.7379E-12  4.5024E-38
  4.5024E-38  8.3721E-01  4.5024E-38  4.5024E-38  4.5024E-38  4.5024E-38  4.5024E-38  4.5024E-38  1.6249E-01  0.0000E+00  2.3328E-04  4.5024E-38  1.8807E-30  0.0000E+00  1.7213E-12  4.5024E-38
  4.5024E-38  8.3721E-01  4.5024E-38  4.5024E-38  4.5024E-38  4.5024E-38  4.5024E-38  4.5024E-38  1.6249E-01  0.0000E+00  2.3328E-04  4.5024E-38  2.0897E-31  0.0000E+00  5.7379E-13  4.5024E-38
  4.5024E-38  8.3721E-01  4.5024E-38  4.5024E-38  4.5024E-38  4.5024E-38  4.5024E-38  4.5024E-38  1.6249E-01  0.0000E+00  2.3328E-04  4.5024E-38  1.8807E-32  0.0000E+00  1.7213E-13  4.5024E-38
  4.5024E-38  8.3721E-01  4.5024E-38  4.5024E-38  4.5024E-38  4.5024E-38  4.5024E-38  4.5024E-38  1.6249E-01  0.0000E+00  2.3328E-04  4.5024E-38  2.0897E-33  0.0000E+00  5.7379E-14  4.5024E-38
  4.5026E-38  8.3724E-01  4.5026E-38  4.5026E-38  4.5026E-38  4.5026E-38  4.5026E-38  4.5026E-38  1.6249E-01  0.0000E+00  2.3329E-04  4.5026E-38  6.3201E-37  0.0000E+00  1.7214E-14  4.5026E-38
  4.5027E-38  8.3726E-01  4.5027E-38  4.5027E-38  4.5027E-38  4.5027E-38  4.5027E-38  4.5027E-38  1.6250E-01  0.0000E+00  2.3329E-04  4.5027E-38  4.5027E-38  0.0000E+00  5.7382E-15  4.5027E-38
  4.5027E-38  8.3727E-01  4.5027E-38  4.5027E-38  4.5027E-38  4.5027E-38  4.5027E-38  4.5027E-38  1.6250E-01  0.0000E+00  2.3329E-04  4.5027E-38  4.5027E-38  0.0000E+00  1.7214E-15  4.5027E-38
  4.5027E-38  8.3727E-01  4.5027E-38  4.5027E-38  4.5027E-38  4.5027E-38  4.5027E-38  4.5027E-38  1.6250E-01  0.0000E+00  2.3329E-04  4.5027E-38  4.5027E-38  0.0000E+00  5.7383E-16  4.5027E-38
  4.5027E-38  8.3727E-01  4.5027E-38  4.5027E-38  4.5027E-38  4.5027E-38  4.5027E-38  4.5027E-38  1.6250E-01  0.0000E+00  2.3329E-04  4.5027E-38  4.5027E-38  0.0000E+00  1.7214E-16  4.5027E-38
  4.5027E-38  8.3727E-01  4.5027E-38  4.5027E-38  4.5027E-38  4.5027E-38  4.5027E-38  4.5027E-38  1.6250E-01  0.0000E+00  2.3329E-04  4.5027E-38  4.5027E-38  0.0000E+00  5.7383E-17  4.5027E-38
  4.5027E-38  8.3727E-01  4.5027E-38  4.5027E-38  4.5027E-38  4.5027E-38  4.5027E-38  4.5027E-38  1.6250E-01  0.0000E+00  2.3329E-04  4.5027E-38  4.5027E-38  0.0000E+00  1.7214E-17  4.5027E-38
  4.5027E-38  8.3727E-01  4.5027E-38  4.5027E-38  4.5027E-38  4.5027E-38  4.5027E-38  4.5027E-38  1.6250E-01  0.0000E+00  2.3329E-04  4.5027E-38  4.5027E-38  0.0000E+00  5.7383E-18  4.5027E-38
  4.5027E-38  8.3727E-01  4.5027E-38  4.5027E-38  4.5027E-38  4.5027E-38  4.5027E-38  4.5027E-38  1.6250E-01  0.0000E+00  2.3329E-04  4.5027E-38  4.5027E-38  0.0000E+00  1.7214E-18  4.5027E-38
  4.5027E-38  8.3727E-01  4.5027E-38  4.5027E-38  4.5027E-38  4.5027E-38  4.5027E-38  4.5027E-38  1.6250E-01  0.0000E+00  2.3329E-04  4.5027E-38  4.5027E-38  0.0000E+00  5.7383E-19  4.5027E-38
  4.5027E-38  8.3727E-01  4.5027E-38  4.5027E-38  4.5027E-38  4.5027E-38  4.5027E-38  4.5027E-38  1.6250E-01  0.0000E+00  2.3329E-04  4.5027E-38  4.5027E-38  0.0000E+00  1.7214E-19  4.5027E-38
  4.5024E-38  8.3721E-01  4.5024E-38  4.5024E-38  4.5024E-38  4.5024E-38  4.5024E-38  4.5024E-38  1.6249E-01  0.0000E+00  2.3328E-04  4.5024E-38  3.8936E-25  0.0000E+00  1.8496E-09  4.5024E-38
  4.5024E-38  8.3721E-01  4.5024E-38  4.5024E-38  4.5024E-38  4.5024E-38  4.5024E-38  4.5024E-38  1.6249E-01  0.0000E+00  2.3328E-04  4.5024E-38  4.3262E-26  0.0000E+00  6.1652E-10  4.5024E-38
  4.5024E-38  8.3721E-01  4.5024E-38  4.5024E-38  4.5024E-38  4.5024E-38  4.5024E-38  4.5024E-38  1.6249E-01  0.0000E+00  2.3328E-04  4.5024E-38  3.8936E-27  0.0000E+00  1.8496E-10  4.5024E-38
  4.5024E-38  8.3721E-01  4.5024E-38  4.5024E-38  4.5024E-38  4.5024E-38  4.5024E-38  4.5024E-38  1.6249E-01  0.0000E+00  2.3328E-04  4.5024E-38  4.3262E-28  0.0000E+00  6.1652E-11  4.5024E-38
  4.5024E-38  8.3721E-01  4.5024E-38  4.5024E-38  4.5024E-38  4.5024E-38  4.5024E-38  4.5024E-38  1.6249E-01  0.0000E+00  2.3328E-04  4.5024E-38  3.8936E-29  0.0000E+00  1.8496E-11  4.5024E-38
  4.5024E-38  8.3721E-01  4.5024E-38  4.5024E-38  4.5024E-38  4.5024E-38  4.5024E-38  4.5024E-38  1.6249E-01  0.0000E+00  2.3328E-04  4.5024E-38  4.3262E-30  0.0000E+00  6.1652E-12  4.5024E-38
  4.5024E-38  8.3721E-01  4.5024E-38  4.5024E-38  4.5024E-38  4.5024E-38  4.5024E-38  4.5024E-38  1.6249E-01  0.0000E+00  2.3328E-04  4.5024E-38  3.8936E-31  0.0000E+00  1.8496E-12  4.5024E-38
  4.5024E-38  8.3721E-01  4.5024E-38  4.5024E-38  4.5024E-38  4.5024E-38  4.5024E-38  4.5024E-38  1.6249E-01  0.0000E+00  2.3328E-04  4.5024E-38  4.3262E-32  0.0000E+00  6.1652E-13  4.5024E-38
  4.5025E-38  8.3723E-01  4.5025E-38  4.5025E-38  4.5025E-38  4.5025E-38  4.5025E-38  4.5025E-38  1.6249E-01  0.0000E+00  2.3328E-04  4.5025E-38  7.3021E-35  0.0000E+00  1.8496E-13  4.5025E-38
  4.5027E-38  8.3726E-01  4.5027E-38  4.5027E-38  4.5027E-38  4.5027E-38  4.5027E-38  4.5027E-38  1.6250E-01  0.0000E+00  2.3329E-04  4.5027E-38  9.0151E-37  0.0000E+00  6.1655E-14  4.5027E-38
  4.5027E-38  8.3726E-01  4.5027E-38  4.5027E-38  4.5027E-38  4.5027E-38  4.5027E-38  4.5027E-38  1.6250E-01  0.0000E+00  2.3329E-04  4.5027E-38  4.5027E-38  0.0000E+00  1.8497E-14  4.5027E-38
  4.5027E-38  8.3727E-01  4.5027E-38  4.5027E-38  4.5027E-38  4.5027E-38  4.5027E-38  4.5027E-38  1.6250E-01  0.0000E+00  2.3329E-04  4.5027E-38  4.5027E-38  0.0000E+00  6.1656E-15  4.5027E-38
  4.5027E-38  8.3727E-01  4.5027E-38  4.5027E-38  4.5027E-38  4.5027E-38  4.5027E-38  4.5027E-38  1.6250E-01  0.0000E+00  2.3329E-04  4.5027E-38  4.5027E-38  0.0000E+00  1.8497E-15  4.5027E-38
  4.5027E-38  8.3727E-01  4.5027E-38  4.5027E-38  4.5027E-38  4.5027E-38  4.5027E-38  4.5027E-38  1.6250E-01  0.0000E+00  2.3329E-04  4.5027E-38  4.5027E-38  0.0000E+00  6.1656E-16  4.5027E-38
  4.5027E-38  8.3727E-01  4.5027E-38  4.5027E-38  4.5027E-38  4.5027E-38  4.5027E-38  4.5027E-38  1.6250E-01  0.0000E+00  2.3329E-04  4.5027E-38  4.5027E-38  0.0000E+00  1.8497E-16  4.5027E-38
  4.5027E-38  8.3727E-01  4.5027E-38  4.5027E-38  4.5027E-38  4.5027E-38  4.5027E-38  4.5027E-38  1.6250E-01  0.0000E+00  2.3329E-04  4.5027E-38  4.5027E-38  0.0000E+00  6.1656E-17  4.5027E-38
  4.5027E-38  8.3727E-01  4.5027E-38  4.5027E-38  4.5027E-38  4.5027E-38  4.5027E-38  4.5027E-38  1.6250E-01  0.0000E+00  2.3329E-04  4.5027E-38  4.5027E-38  0.0000E+00  1.8497E-17  4.5027E-38
  4.5024E-38  8.3720E-01  4.5024E-38  4.5024E-38  4.5024E-38  4.5024E-38  4.5024E-38  4.5024E-38  1.6249E-01  0.0000E+00  2.3327E-04  4.5024E-38  2.5808E-22  0.0000E+00  9.6776E-08  4.5024E-38
  4.5024E-38  8.3721E-01  4.5024E-38  4.5024E-38  4.5024E-38  4.5024E-38  4.5024E-38  4.5024E-38  1.6249E-01  0.0000E+00  2.3327E-04  4.5024E-38  2.8675E-23  0.0000E+00  3.2259E-08  4.5024E-38
  4.5024E-38  8.3721E-01  4.5024E-38  4.5024E-38  4.5024E-38  4.5024E-38  4.5024E-38  4.5024E-38  1.6249E-01  0.0000E+00  2.3328E-04  4.5024E-38  2.5808E-24  0.0000E+00  9.6777E-09  4.5024E-38
  4.5024E-38  8.3721E-01  4.5024E-38  4.5024E-38  4.5024E-38  4.5024E-38  4.5024E-38  4.5024E-38  1.6249E-01  0.0000E+00  2.3328E-04  4.5024E-38  2.8675E-25  0.0000E+00  3.2259E-09  4.5024E-38
  4.5024E-38  8.3721E-01  4.5024E-38  4.5024E-38  4.5024E-38  4.5024E-38  4.5024E-38  4.5024E-38  1.6249E-01  0.0000E+00  2.3328E-04  4.5024E-38  2.5808E-26  0.0000E+00  9.6777E-10  4.5024E-38
  4.5024E-38  8.3721E-01  4.5024E-38  4.5024E-38  4.5024E-38  4.5024E-38  4.5024E-38  4.5024E-38  1.6249E-01  0.0000E+00  2.3328E-04  4.5024E-38  2.8675E-27  0.0000E+00  3.2259E-10  4.5024E-38
  4.5024E-38  8.3721E-01  4.5024E-38  4.5024E-38  4.5024E-38  4.5024E-38  4.5024E-38  4.5024E-38  1.6249E-01  0.0000E+00  2.3328E-04  4.5024E-38  2.5808E-28  0.0000E+00  9.6777E-11  4.5024E-38
  4.5024E-38  8.3721E-01  4.5024E-38  4.5024E-38  4.5024E-38  4.5024E-38  4.5024E-38  4.5024E-38  1.6249E-01  0.0000E+00  2.3328E-04  4.5024E-38  2.8675E-29  0.0000E+00  3.2259E-11  4.5024E-38
  4.5024E-38  8.3721E-01  4.5024E-38  4.5024E-38  4.5024E-38  4.5024E-38  4.5024E-38  4.5024E-38  1.6249E-01  0.0000E+00  2.3328E-04  4.5024E-38  2.5808E-30  0.0000E+00  9.6777E-12  4.5024E-38
  4.5024E-38  8.3721E-01  4.5024E-38  4.5024E-38  4.5024E-38  4.5024E-38  4.5024E-38  4.5024E-38  1.6249E-01  0.0000E+00  2.3328E-04  4.5024E-38  2.8675E-31  0.0000E+00  3.2259E-12  4.5024E-38
  4.5025E-38  8.3723E-01  4.5025E-38  4.5025E-38  4.5025E-38  4.5025E-38  4.5025E-38  4.5025E-38  1.6249E-01  0.0000E+00  2.3328E-04  4.5025E-38  9.8501E-34  0.0000E+00  9.6779E-13  4.5025E-38
  4.5027E-38  8.3725E-01  4.5027E-38  4.5027E-38  4.5027E-38  4.5027E-38  4.5027E-38  4.5027E-38  1.6250E-01  0.0000E+00  2.3329E-04  4.5027E-38  1.2161E-35  0.0000E+00  3.2261E-13  4.5027E-38
  4.5027E-38  8.3726E-01  4.5027E-38  4.5027E-38  4.5027E-38  4.5027E-38  4.5027E-38  4.5027E-38  1.6250E-01  0.0000E+00  2.3329E-04  4.5027E-38  9.8505E-38  0.0000E+00  9.6783E-14  4.5027E-38
  4.5027E-38  8.3727E-01  4.5027E-38  4.5027E-38  4.5027E-38  4.5027E-38  4.5027E-38  4.5027E-38  1.6250E-01  0.0000E+00  2.3329E-04  4.5027E-38  4.5027E-38  0.0000E+00  3.2262E-14  4.5027E-38
  4.5027E-38  8.3727E-01  4.5027E-38  4.5027E-38  4.5027E-38  4.5027E-38  4.5027E-38  4.5027E-38  1.6250E-01  0.0000E+00  2.3329E-04  4.5027E-38  4.5027E-38  0.0000E+00  9.6784E-15  4.5027E-38
  4.5027E-38  8.3727E-01  4.5027E-38  4.5027E-38  4.5027E-38  4.5027E-38  4.5027E-38  4.5027E-38  1.6250E-01  0.0000E+00  2.3329E-04  4.5027E-38  4.5027E-38  0.0000E+00  3.2262E-15  4.5027E-38
  4.5027E-38  8.3727E-01  4.5027E-38  4.5027E-38  4.5027E-38  4.5027E-38  4.5027E-38  4.5027E-38  1.6250E-01  0.0000E+00  2.3329E-04  4.5027E-38  4.5027E-38  0.0000E+00  9.6784E-16  4.5027E-38
  4.5023E-38  8.3720E-01  4.5023E-38  4.5023E-38  4.5023E-38  4.5023E-38  4.5023E-38  4.5023E-38  1.6248E-01  0.0000E+00  2.3327E-04  4.5023E-38  6.9606E-20  0.0000E+00  2.8770E-06  4.5023E-38
  4.5024E-38  8.3720E-01  4.5024E-38  4.5024E-38  4.5024E-38  4.5024E-38  4.5024E-38  4.5024E-38  1.6249E-01  0.0000E+00  2.3327E-04  4.5024E-38  7.7340E-21  0.0000E+00  9.5900E-07  4.5024E-38
  4.5024E-38  8.3720E-01  4.5024E-38  4.5024E-38  4.5024E-38  4.5024E-38  4.5024E-38  4.5024E-38  1.6249E-01  0.0000E+00  2.3327E-04  4.5024E-38  6.9607E-22  0.0000E+00  2.8770E-07  4.5024E-38
  4.5024E-38  8.3720E-01  4.5024E-38  4.5024E-38  4.5024E-38  4.5024E-38  4.5024E-38  4.5024E-38  1.6249E-01  0.0000E+00  2.3327E-04  4.5024E-38  7.7341E-23  0.0000E+00  9.5901E-08  4.5024E-38
  4.5024E-38  8.3721E-01  4.5024E-38  4.5024E-38  4.5024E-38  4.5024E-38  4.5024E-38  4.5024E-38  1.6249E-01  0.0000E+00  2.3327E-04  4.5024E-38  6.9607E-24  0.0000E+00  2.8770E-08  4.5024E-38
  4.5024E-38  8.3721E-01  4.5024E-38  4.5024E-38  4.5024E-38  4.5024E-38  4.5024E-38  4.5024E-38  1.6249E-01  0.0000E+00  2.3328E-04  4.5024E-38  7.7341E-25  0.0000E+00  9.5901E-09  4.5024E-38
  4.5024E-38  8.3721E-01  4.5024E-38  4.5024E-38  4.5024E-38  4.5024E-38  4.5024E-38  4.5024E-38  1.6249E-01  0.0000E+00  2.3328E-04  4.5024E-38  6.9607E-26  0.0000E+00  2.8770E-09  4.5024E-38
  4.5024E-38  8.3721E-01  4.5024E-38  4.5024E-38  4.5024E-38  4.5024E-38  4.5024E-38  4.5024E-38  1.6249E-01  0.0000E+00  2.3328E-04  4.5024E-38  7.7342E-27  0.0000E+00  9.5902E-10  4.5024E-38
  4.5024E-38  8.3721E-01  4.5024E-38  4.5024E-38  4.5024E-38  4.5024E-38  4.5024E-38  4.5024E-38  1.6249E-01  0.0000E+00  2.3328E-04  4.5024E-38  6.9607E-28  0.0000E+00  2.8770E-10  4.5024E-38
  4.5024E-38  8.3721E-01  4.5024E-38  4.5024E-38  4.5024E-38  4.5024E-38  4.5024E-38  4.5024E-38  1.6249E-01  0.0000E+00  2.3328E-04  4.5024E-38  7.7342E-29  0.0000E+00  9.5902E-11  4.5024E-38
  4.5024E-38  8.3721E-01  4.5024E-38  4.5024E-38  4.5024E-38  4.5024E-38  4.5024E-38  4.5024E-38  1.6249E-01  0.0000E+00  2.3328E-04  4.5024E-38  6.9607E-30  0.0000E+00  2.8770E-11  4.5024E-38
  4.5024E-38  8.3721E-01  4.5024E-38  4.5024E-38  4.5024E-38  4.5024E-38  4.5024E-38  4.5024E-38  1.6249E-01  0.0000E+00  2.3328E-04  4.5024E-38  7.7342E-31  0.0000E+00  9.5902E-12  4.5024E-38
  4.5026E-38  8.3724E-01  4.5026E-38  4.5026E-38  4.5026E-38  4.5026E-38  4.5026E-38  4.5026E-38  1.6249E-01  0.0000E+00  2.3328E-04  4.5026E-38  2.4580E-33  0.0000E+00  2.8771E-12  4.5026E-38
  4.5027E-38  8.3726E-01  4.5027E-38  4.5027E-38  4.5027E-38  4.5027E-38  4.5027E-38  4.5027E-38  1.6250E-01  0.0000E+00  2.3329E-04  4.5027E-38  3.0347E-35  0.0000E+00  9.5907E-13  4.5027E-38
  4.5027E-38  8.3727E-01  4.5027E-38  4.5027E-38  4.5027E-38  4.5027E-38  4.5027E-38  4.5027E-38  1.6250E-01  0.0000E+00  2.3329E-04  4.5027E-38  2.4581E-37  0.0000E+00  2.8772E-13  4.5027E-38
  4.5027E-38  8.3727E-01  4.5027E-38  4.5027E-38  4.5027E-38  4.5027E-38  4.5027E-38  4.5027E-38  1.6250E-01  0.0000E+00  2.3329E-04  4.5027E-38  4.5027E-38  0.0000E+00  9.5908E-14  4.5027E-38
  4.5027E-38  8.3727E-01  4.5027E-38  4.5027E-38  4.5027E-38  4.5027E-38  4.5027E-38  4.5027E-38  1.6250E-01  0.0000E+00  2.3329E-04  4.5027E-38  4.5027E-38  0.0000E+00  2.8772E-14  4.5027E-38
  4.5021E-38  8.3715E-01  4.5021E-38  4.5021E-38  4.5021E-38  4.5021E-38  4.5021E-38  4.5021E-38  1.6248E-01  0.0000E+00  2.3326E-04  4.5021E-38  9.1203E-18  0.0000E+00  5.4410E-05  4.5021E-38
  4.5023E-38  8.3718E-01  4.5023E-38  4.5023E-38  4.5023E-38  4.5023E-38  4.5023E-38  4.5023E-38  1.6248E-01  0.0000E+00  2.3327E-04  4.5023E-38  1.0134E-18  0.0000E+00  1.8137E-05  4.5023E-38
  4.5023E-38  8.3720E-01  4.5023E-38  4.5023E-38  4.5023E-38  4.5023E-38  4.5023E-38  4.5023E-38  1.6248E-01  0.0000E+00  2.3327E-04  4.5023E-38  9.1208E-20  0.0000E+00  5.4412E-06  4.5023E-38
  4.5024E-38  8.3720E-01  4.5024E-38  4.5024E-38  4.5024E-38  4.5024E-38  4.5024E-38  4.5024E-38  1.6249E-01  0.0000E+00  2.3327E-04  4.5024E-38  1.0134E-20  0.0000E+00  1.8137E-06  4.5024E-38
  4.5024E-38  8.3720E-01  4.5024E-38  4.5024E-38  4.5024E-38  4.5024E-38  4.5024E-38  4.5024E-38  1.6249E-01  0.0000E+00  2.3327E-04  4.5024E-38  9.1208E-22  0.0000E+00  5.4413E-07  4.5024E-38
  4.5024E-38  8.3720E-01  4.5024E-38  4.5024E-38  4.5024E-38  4.5024E-38  4.5024E-38  4.5024E-38  1.6249E-01  0.0000E+00  2.3327E-04  4.5024E-38  1.0134E-22  0.0000E+00  1.8138E-07  4.5024E-38
  4.5024E-38  8.3721E-01  4.5024E-38  4.5024E-38  4.5024E-38  4.5024E-38  4.5024E-38  4.5024E-38  1.6249E-01  0.0000E+00  2.3327E-04  4.5024E-38  9.1209E-24  0.0000E+00  5.4413E-08  4.5024E-38
  4.5024E-38  8.3721E-01  4.5024E-38  4.5024E-38  4.5024E-38  4.5024E-38  4.5024E-38  4.5024E-38  1.6249E-01  0.0000E+00  2.3327E-04  4.5024E-38  1.0134E-24  0.0000E+00  1.8138E-08  4.5024E-38
  4.5024E-38  8.3721E-01  4.5024E-38  4.5024E-38  4.5024E-38  4.5024E-38  4.5024E-38  4.5024E-38  1.6249E-01  0.0000E+00  2.3328E-04  4.5024E-38  9.1209E-26  0.0000E+00  5.4413E-09  4.5024E-38
  4.5024E-38  8.3721E-01  4.5024E-38  4.5024E-38  4.5024E-38  4.5024E-38  4.5024E-38  4.5024E-38  1.6249E-01  0.0000E+00  2.3328E-04  4.5024E-38  1.0134E-26  0.0000E+00  1.8138E-09  4.5024E-38
  4.5024E-38  8.3721E-01  4.5024E-38  4.5024E-38  4.5024E-38  4.5024E-38  4.5024E-38  4.5024E-38  1.6249E-01  0.0000E+00  2.3328E-04  4.5024E-38  9.1209E-28  0.0000E+00  5.4413E-10  4.5024E-38
  4.5024E-38  8.3721E-01  4.5024E-38  4.5024E-38  4.5024E-38  4.5024E-38  4.5024E-38  4.5024E-38  1.6249E-01  0.0000E+00  2.3328E-04  4.5024E-38  1.0134E-28  0.0000E+00  1.8138E-10  4.5024E-38
  4.5024E-38  8.3721E-01  4.5024E-38  4.5024E-38  4.5024E-38  4.5024E-38  4.5024E-38  4.5024E-38  1.6249E-01  0.0000E+00  2.3328E-04  4.5024E-38  9.1209E-30  0.0000E+00  5.4413E-11  4.5024E-38
  4.5024E-38  8.3721E-01  4.5024E-38  4.5024E-38  4.5024E-38  4.5024E-38  4.5024E-38  4.5024E-38  1.6249E-01  0.0000E+00  2.3328E-04  4.5024E-38  1.9632E-31  0.0000E+00  1.8138E-11  4.5024E-38
  4.5026E-38  8.3725E-01  4.5026E-38  4.5026E-38  4.5026E-38  4.5026E-38  4.5026E-38  4.5026E-38  1.6250E-01  0.0000E+00  2.3329E-04  4.5026E-38  1.5902E-33  0.0000E+00  5.4416E-12  4.5026E-38
  4.5027E-38  8.3726E-01  4.5027E-38  4.5027E-38  4.5027E-38  4.5027E-38  4.5027E-38  4.5027E-38  1.6250E-01  0.0000E+00  2.3329E-04  4.5027E-38  1.9633E-35  0.0000E+00  1.8139E-12  4.5027E-38
  4.5027E-38  8.3727E-01  4.5027E-38  4.5027E-38  4.5027E-38  4.5027E-38  4.5027E-38  4.5027E-38  1.6250E-01  0.0000E+00  2.3329E-04  4.5027E-38  1.5903E-37  0.0000E+00  5.4417E-13  4.5027E-38
  4.5005E-38  8.3686E-01  4.5005E-38  4.5005E-38  4.5005E-38  4.5005E-38  4.5005E-38  4.5005E-38  1.6242E-01  0.0000E+00  2.3317E-04  4.5005E-38  6.6329E-16  0.0000E+00  4.1047E-04  4.5005E-38
  4.5013E-38  8.3700E-01  4.5013E-38  4.5013E-38  4.5013E-38  4.5013E-38  4.5013E-38  4.5013E-38  1.6245E-01  0.0000E+00  2.3321E-04  4.5013E-38  7.3712E-17  0.0000E+00  2.3748E-04  4.5013E-38
  4.5020E-38  8.3714E-01  4.5020E-38  4.5020E-38  4.5020E-38  4.5020E-38  4.5020E-38  4.5020E-38  1.6247E-01  0.0000E+00  2.3325E-04  4.5020E-38  6.6354E-18  0.0000E+00  7.1256E-05  4.5020E-38
  4.5023E-38  8.3718E-01  4.5023E-38  4.5023E-38  4.5023E-38  4.5023E-38  4.5023E-38  4.5023E-38  1.6248E-01  0.0000E+00  2.3327E-04  4.5023E-38  7.3732E-19  0.0000E+00  2.3753E-05  4.5023E-38
  4.5023E-38  8.3719E-01  4.5023E-38  4.5023E-38  4.5023E-38  4.5023E-38  4.5023E-38  4.5023E-38  1.6248E-01  0.0000E+00  2.3327E-04  4.5023E-38  6.6361E-20  0.0000E+00  7.1261E-06  4.5023E-38
  4.5024E-38  8.3720E-01  4.5024E-38  4.5024E-38  4.5024E-38  4.5024E-38  4.5024E-38  4.5024E-38  1.6248E-01  0.0000E+00  2.3327E-04  4.5024E-38  7.3736E-21  0.0000E+00  2.3753E-06  4.5024E-38
  4.5024E-38  8.3720E-01  4.5024E-38  4.5024E-38  4.5024E-38  4.5024E-38  4.5024E-38  4.5024E-38  1.6249E-01  0.0000E+00  2.3327E-04  4.5024E-38  6.6362E-22  0.0000E+00  7.1261E-07  4.5024E-38
  4.5024E-38  8.3720E-01  4.5024E-38  4.5024E-38  4.5024E-38  4.5024E-38  4.5024E-38  4.5024E-38  1.6249E-01  0.0000E+00  2.3327E-04  4.5024E-38  7.3736E-23  0.0000E+00  2.3754E-07  4.5024E-38
  4.5024E-38  8.3721E-01  4.5024E-38  4.5024E-38  4.5024E-38  4.5024E-38  4.5024E-38  4.5024E-38  1.6249E-01  0.0000E+00  2.3327E-04  4.5024E-38  6.6362E-24  0.0000E+00  7.1262E-08  4.5024E-38
  4.5024E-38  8.3721E-01  4.5024E-38  4.5024E-38  4.5024E-38  4.5024E-38  4.5024E-38  4.5024E-38  1.6249E-01  0.0000E+00  2.3327E-04  4.5024E-38  7.3737E-25  0.0000E+00  2.3754E-08  4.5024E-38
  4.5024E-38  8.3721E-01  4.5024E-38  4.5024E-38  4.5024E-38  4.5024E-38  4.5024E-38  4.5024E-38  1.6249E-01  0.0000E+00  2.3328E-04  4.5024E-38  6.6363E-26  0.0000E+00  7.1262E-09  4.5024E-38
  4.5024E-38  8.3721E-01  4.5024E-38  4.5024E-38  4.5024E-38  4.5024E-38  4.5024E-38  4.5024E-38  1.6249E-01  0.0000E+00  2.3328E-04  4.5024E-38  7.3737E-27  0.0000E+00  2.3754E-09  4.5024E-38
  4.5024E-38  8.3721E-01  4.5024E-38  4.5024E-38  4.5024E-38  4.5024E-38  4.5024E-38  4.5024E-38  1.6249E-01  0.0000E+00  2.3328E-04  4.5024E-38  6.6363E-28  0.0000E+00  7.1262E-10  4.5024E-38
  4.5024E-38  8.3721E-01  4.5024E-38  4.5024E-38  4.5024E-38  4.5024E-38  4.5024E-38  4.5024E-38  1.6249E-01  0.0000E+00  2.3328E-04  4.5024E-38  7.3737E-29  0.0000E+00  2.3754E-10  4.5024E-38
  4.5024E-38  8.3721E-01  4.5024E-38  4.5024E-38  4.5024E-38  4.5024E-38  4.5024E-38  4.5024E-38  1.6249E-01  0.0000E+00  2.3328E-04  4.5024E-38  6.6363E-30  0.0000E+00  7.1262E-11  4.5024E-38
  4.5026E-38  8.3724E-01  4.5026E-38  4.5026E-38  4.5026E-38  4.5026E-38  4.5026E-38  4.5026E-38  1.6249E-01  0.0000E+00  2.3328E-04  4.5026E-38  4.2409E-32  0.0000E+00  2.3755E-11  4.5026E-38
  4.5027E-38  8.3726E-01  4.5027E-38  4.5027E-38  4.5027E-38  4.5027E-38  4.5027E-38  4.5027E-38  1.6250E-01  0.0000E+00  2.3329E-04  4.5027E-38  3.4353E-34  0.0000E+00  7.1267E-12  4.5027E-38
  4.5005E-38  8.3686E-01  4.5005E-38  4.5005E-38  4.5005E-38  4.5005E-38  4.5005E-38  4.5005E-38  1.6242E-01  0.0000E+00  2.3317E-04  4.5005E-38  2.9693E-14  0.0000E+00  4.1048E-04  4.5005E-38
  4.5005E-38  8.3686E-01  4.5005E-38  4.5005E-38  4.5005E-38  4.5005E-38  4.5005E-38  4.5005E-38  1.6242E-01  0.0000E+00  2.3317E-04  4.5005E-38  3.2992E-15  0.0000E+00  4.1047E-04  4.5005E-38
  4.5005E-38  8.3686E-01  4.5005E-38  4.5005E-38  4.5005E-38  4.5005E-38  4.5005E-38  4.5005E-38  1.6242E-01  0.0000E+00  2.3317E-04  4.5005E-38  2.9693E-16  0.0000E+00  4.1047E-04  4.5005E-38
  4.5013E-38  8.3701E-01  4.5013E-38  4.5013E-38  4.5013E-38  4.5013E-38  4.5013E-38  4.5013E-38  1.6245E-01  0.0000E+00  2.3322E-04  4.5013E-38  3.2998E-17  0.0000E+00  2.2981E-04  4.5013E-38
  4.5020E-38  8.3714E-01  4.5020E-38  4.5020E-38  4.5020E-38  4.5020E-38  4.5020E-38  4.5020E-38  1.6247E-01  0.0000E+00  2.3325E-04  4.5020E-38  2.9703E-18  0.0000E+00  6.8952E-05  4.5020E-38
  4.5022E-38  8.3718E-01  4.5022E-38  4.5022E-38  4.5022E-38  4.5022E-38  4.5022E-38  4.5022E-38  1.6248E-01  0.0000E+00  2.3327E-04  4.5022E-38  3.3006E-19  0.0000E+00  2.2985E-05  4.5022E-38
  4.5023E-38  8.3719E-01  4.5023E-38  4.5023E-38  4.5023E-38  4.5023E-38  4.5023E-38  4.5023E-38  1.6248E-01  0.0000E+00  2.3327E-04  4.5023E-38  2.9707E-20  0.0000E+00  6.8957E-06  4.5023E-38
  4.5024E-38  8.3720E-01  4.5024E-38  4.5024E-38  4.5024E-38  4.5024E-38  4.5024E-38  4.5024E-38  1.6248E-01  0.0000E+00  2.3327E-04  4.5024E-38  3.3008E-21  0.0000E+00  2.2986E-06  4.5024E-38
  4.5024E-38  8.3720E-01  4.5024E-38  4.5024E-38  4.5024E-38  4.5024E-38  4.5024E-38  4.5024E-38  1.6249E-01  0.0000E+00  2.3327E-04  4.5024E-38  2.9708E-22  0.0000E+00  6.8957E-07  4.5024E-38
  4.5024E-38  8.3720E-01  4.5024E-38  4.5024E-38  4.5024E-38  4.5024E-38  4.5024E-38  4.5024E-38  1.6249E-01  0.0000E+00  2.3327E-04  4.5024E-38  3.3009E-23  0.0000E+00  2.2986E-07  4.5024E-38
  4.5024E-38  8.3721E-01  4.5024E-38  4.5024E-38  4.5024E-38  4.5024E-38  4.5024E-38  4.5024E-38  1.6249E-01  0.0000E+00  2.3327E-04  4.5024E-38  2.9708E-24  0.0000E+00  6.8958E-08  4.5024E-38
  4.5024E-38  8.3721E-01  4.5024E-38  4.5024E-38  4.5024E-38  4.5024E-38  4.5024E-38  4.5024E-38  1.6249E-01  0.0000E+00  2.3328E-04  4.5024E-38  3.3010E-25  0.0000E+00  2.2986E-08  4.5024E-38
  4.5024E-38  8.3721E-01  4.5024E-38  4.5024E-38  4.5024E-38  4.5024E-38  4.5024E-38  4.5024E-38  1.6249E-01  0.0000E+00  2.3328E-04  4.5024E-38  2.9708E-26  0.0000E+00  6.8958E-09  4.5024E-38
  4.5024E-38  8.3721E-01  4.5024E-38  4.5024E-38  4.5024E-38  4.5024E-38  4.5024E-38  4.5024E-38  1.6249E-01  0.0000E+00  2.3328E-04  4.5024E-38  3.3010E-27  0.0000E+00  2.2986E-09  4.5024E-38
  4.5024E-38  8.3721E-01  4.5024E-38  4.5024E-38  4.5024E-38  4.5024E-38  4.5024E-38  4.5024E-38  1.6249E-01  0.0000E+00  2.3328E-04  4.5024E-38  2.9708E-28  0.0000E+00  6.8958E-10  4.5024E-38
  4.5024E-38  8.3721E-01  4.5024E-38  4.5024E-38  4.5024E-38  4.5024E-38  4.5024E-38  4.5024E-38  1.6249E-01  0.0000E+00  2.3328E-04  4.5024E-38  3.3010E-29  0.0000E+00  2.2986E-10  4.5024E-38
  4.5026E-38  8.3724E-01  4.5026E-38  4.5026E-38  4.5026E-38  4.5026E-38  4.5026E-38  4.5026E-38  1.6249E-01  0.0000E+00  2.3328E-04  4.5026E-38  3.0071E-31  0.0000E+00  6.8960E-11  4.5026E-38
  4.5005E-38  8.3686E-01  4.5005E-38  4.5005E-38  4.5005E-38  4.5005E-38  4.5005E-38  4.5005E-38  1.6242E-01  0.0000E+00  2.3318E-04  1.3068E-37  8.8605E-13  0.0000E+00  4.1049E-04  4.5005E-38
  4.5005E-38  8.3686E-01  4.5005E-38  4.5005E-38  4.5005E-38  4.5005E-38  4.5005E-38  4.5005E-38  1.6242E-01  0.0000E+00  2.3318E-04  4.5005E-38  9.8450E-14  0.0000E+00  4.1048E-04  4.5005E-38
  4.5005E-38  8.3686E-01  4.5005E-38  4.5005E-38  4.5005E-38  4.5005E-38  4.5005E-38  4.5005E-38  1.6242E-01  0.0000E+00  2.3318E-04  4.5005E-38  8.8605E-15  0.0000E+00  4.1048E-04  4.5005E-38
  4.5005E-38  8.3686E-01  4.5005E-38  4.5005E-38  4.5005E-38  4.5005E-38  4.5005E-38  4.5005E-38  1.6242E-01  0.0000E+00  2.3318E-04  4.5005E-38  9.8450E-16  0.0000E+00  4.1048E-04  4.5005E-38
  4.5005E-38  8.3686E-01  4.5005E-38  4.5005E-38  4.5005E-38  4.5005E-38  4.5005E-38  4.5005E-38  1.6242E-01  0.0000E+00  2.3318E-04  4.5005E-38  8.8605E-17  0.0000E+00  4.1049E-04  4.5005E-38
  4.5016E-38  8.3705E-01  4.5016E-38  4.5016E-38  4.5016E-38  4.5016E-38  4.5016E-38  4.5016E-38  1.6246E-01  0.0000E+00  2.3323E-04  4.5016E-38  9.8474E-18  0.0000E+00  1.7282E-04  4.5016E-38
  4.5021E-38  8.3716E-01  4.5021E-38  4.5021E-38  4.5021E-38  4.5021E-38  4.5021E-38  4.5021E-38  1.6248E-01  0.0000E+00  2.3326E-04  4.5021E-38  8.8638E-19  0.0000E+00  5.1852E-05  4.5021E-38
  4.5023E-38  8.3719E-01  4.5023E-38  4.5023E-38  4.5023E-38  4.5023E-38  4.5023E-38  4.5023E-38  1.6248E-01  0.0000E+00  2.3327E-04  4.5023E-38  9.8491E-20  0.0000E+00  1.7285E-05  4.5023E-38
  4.5024E-38  8.3719E-01  4.5024E-38  4.5024E-38  4.5024E-38  4.5024E-38  4.5024E-38  4.5024E-38  1.6249E-01  0.0000E+00  2.3327E-04  4.5024E-38  8.8647E-21  0.0000E+00  5.1854E-06  4.5024E-38
  4.5024E-38  8.3720E-01  4.5024E-38  4.5024E-38  4.5024E-38  4.5024E-38  4.5024E-38  4.5024E-38  1.6249E-01  0.0000E+00  2.3327E-04  4.5024E-38  9.8499E-22  0.0000E+00  1.7285E-06  4.5024E-38
  4.5024E-38  8.3720E-01  4.5024E-38  4.5024E-38  4.5024E-38  4.5024E-38  4.5024E-38  4.5024E-38  1.6249E-01  0.0000E+00  2.3327E-04  4.5024E-38  8.8649E-23  0.0000E+00  5.1855E-07  4.5024E-38
  4.5024E-38  8.3720E-01  4.5024E-38  4.5024E-38  4.5024E-38  4.5024E-38  4.5024E-38  4.5024E-38  1.6249E-01  0.0000E+00  2.3328E-04  4.5024E-38  9.8500E-24  0.0000E+00  1.7285E-07  4.5024E-38
  4.5025E-38  8.3721E-01  4.5025E-38  4.5025E-38  4.5025E-38  4.5025E-38  4.5025E-38  4.5025E-38  1.6249E-01  0.0000E+00  2.3328E-04  4.5025E-38  8.8650E-25  0.0000E+00  5.1855E-08  4.5025E-38
  4.5025E-38  8.3721E-01  4.5025E-38  4.5025E-38  4.5025E-38  4.5025E-38  4.5025E-38  4.5025E-38  1.6249E-01  0.0000E+00  2.3328E-04  4.5025E-38  9.8501E-26  0.0000E+00  1.7285E-08  4.5025E-38
  4.5025E-38  8.3721E-01  4.5025E-38  4.5025E-38  4.5025E-38  4.5025E-38  4.5025E-38  4.5025E-38  1.6249E-01  0.0000E+00  2.3328E-04  4.5025E-38  8.8651E-27  0.0000E+00  5.1855E-09  4.5025E-38
  4.5025E-38  8.3721E-01  4.5025E-38  4.5025E-38  4.5025E-38  4.5025E-38  4.5025E-38  4.5025E-38  1.6249E-01  0.0000E+00  2.3328E-04  4.5025E-38  9.8501E-28  0.0000E+00  1.7285E-09  4.5025E-38
  4.5025E-38  8.3721E-01  4.5025E-38  4.5025E-38  4.5025E-38  4.5025E-38  4.5025E-38  4.5025E-38  1.6249E-01  0.0000E+00  2.3328E-04  4.5025E-38  8.8651E-29  0.0000E+00  5.1855E-10  4.5025E-38
  4.5005E-38  8.3686E-01  4.5005E-38  4.5005E-38  4.5005E-38  4.5005E-38  4.5005E-38  4.5005E-38  1.6242E-01  0.0000E+00  2.3318E-04  4.3977E-35  1.8775E-11  0.0000E+00  4.1048E-04  4.5005E-38
  4.5005E-38  8.3686E-01  4.5005E-38  4.5005E-38  4.5005E-38  4.5005E-38  4.5005E-38  4.5005E-38  1.6242E-01  0.0000E+00  2.3318E-04  4.8863E-36  2.0861E-12  0.0000E+00  4.1048E-04  4.5005E-38
  4.5005E-38  8.3686E-01  4.5005E-38  4.5005E-38  4.5005E-38  4.5005E-38  4.5005E-38  4.5005E-38  1.6242E-01  0.0000E+00  2.3318E-04  4.3976E-37  1.8775E-13  0.0000E+00  4.1048E-04  4.5005E-38
  4.5005E-38  8.3686E-01  4.5005E-38  4.5005E-38  4.5005E-38  4.5005E-38  4.5005E-38  4.5005E-38  1.6242E-01  0.0000E+00  2.3318E-04  4.8863E-38  2.0861E-14  0.0000E+00  4.1048E-04  4.5005E-38
  4.5005E-38  8.3686E-01  4.5005E-38  4.5005E-38  4.5005E-38  4.5005E-38  4.5005E-38  4.5005E-38  1.6242E-01  0.0000E+00  2.3318E-04  4.5005E-38  1.8775E-15  0.0000E+00  4.1048E-04  4.5005E-38
  4.5005E-38  8.3686E-01  4.5005E-38  4.5005E-38  4.5005E-38  4.5005E-38  4.5005E-38  4.5005E-38  1.6242E-01  0.0000E+00  2.3318E-04  4.5005E-38  2.0861E-16  0.0000E+00  4.1049E-04  4.5005E-38
  4.5010E-38  8.3694E-01  4.5010E-38  4.5010E-38  4.5010E-38  4.5010E-38  4.5010E-38  4.5010E-38  1.6243E-01  0.0000E+00  2.3320E-04  4.5010E-38  1.8777E-17  0.0000E+00  3.1523E-04  4.5010E-38
  4.5019E-38  8.3711E-01  4.5019E-38  4.5019E-38  4.5019E-38  4.5019E-38  4.5019E-38  4.5019E-38  1.6247E-01  0.0000E+00  2.3325E-04  4.5019E-38  2.0868E-18  0.0000E+00  1.0509E-04  4.5019E-38
  4.5023E-38  8.3717E-01  4.5023E-38  4.5023E-38  4.5023E-38  4.5023E-38  4.5023E-38  4.5023E-38  1.6248E-01  0.0000E+00  2.3327E-04  4.5023E-38  1.8783E-19  0.0000E+00  3.1532E-05  4.5023E-38
  4.5024E-38  8.3719E-01  4.5024E-38  4.5024E-38  4.5024E-38  4.5024E-38  4.5024E-38  4.5024E-38  1.6249E-01  0.0000E+00  2.3327E-04  4.5024E-38  2.0871E-20  0.0000E+00  1.0511E-05  4.5024E-38
  4.5024E-38  8.3719E-01  4.5024E-38  4.5024E-38  4.5024E-38  4.5024E-38  4.5024E-38  4.5024E-38  1.6249E-01  0.0000E+00  2.3328E-04  4.5024E-38  1.8784E-21  0.0000E+00  3.1533E-06  4.5024E-38
  4.5025E-38  8.3720E-01  4.5025E-38  4.5025E-38  4.5025E-38  4.5025E-38  4.5025E-38  4.5025E-38  1.6249E-01  0.0000E+00  2.3328E-04  4.5025E-38  2.0872E-22  0.0000E+00  1.0511E-06  4.5025E-38
  4.5025E-38  8.3720E-01  4.5025E-38  4.5025E-38  4.5025E-38  4.5025E-38  4.5025E-38  4.5025E-38  1.6249E-01  0.0000E+00  2.3328E-04  4.5025E-38  1.8784E-23  0.0000E+00  3.1533E-07  4.5025E-38
  4.5025E-38  8.3721E-01  4.5025E-38  4.5025E-38  4.5025E-38  4.5025E-38  4.5025E-38  4.5025E-38  1.6249E-01  0.0000E+00  2.3328E-04  4.5025E-38  2.0873E-24  0.0000E+00  1.0511E-07  4.5025E-38
  4.5025E-38  8.3721E-01  4.5025E-38  4.5025E-38  4.5025E-38  4.5025E-38  4.5025E-38  4.5025E-38  1.6249E-01  0.0000E+00  2.3328E-04  4.5025E-38  1.8784E-25  0.0000E+00  3.1534E-08  4.5025E-38
  4.5025E-38  8.3721E-01  4.5025E-38  4.5025E-38  4.5025E-38  4.5025E-38  4.5025E-38  4.5025E-38  1.6249E-01  0.0000E+00  2.3328E-04  4.5025E-38  2.0873E-26  0.0000E+00  1.0511E-08  4.5025E-38
  4.5025E-38  8.3721E-01  4.5025E-38  4.5025E-38  4.5025E-38  4.5025E-38  4.5025E-38  4.5025E-38  1.6249E-01  0.0000E+00  2.3328E-04  4.5025E-38  1.8784E-27  0.0000E+00  3.1534E-09  4.5025E-38
  4.5005E-38  8.3686E-01  4.5005E-38  4.5005E-38  4.5005E-38  4.5005E-38  4.5005E-38  4.5005E-38  1.6242E-01  0.0000E+00  2.3318E-04  8.2711E-33  2.9720E-10  0.0000E+00  4.1048E-04  4.8098E-38
  4.5005E-38  8.3686E-01  4.5005E-38  4.5005E-38  4.5005E-38  4.5005E-38  4.5005E-38  4.5005E-38  1.6242E-01  0.0000E+00  2.3318E-04  9.1903E-34  3.3023E-11  0.0000E+00  4.1048E-04  4.5005E-38
  4.5005E-38  8.3686E-01  4.5005E-38  4.5005E-38  4.5005E-38  4.5005E-38  4.5005E-38  4.5005E-38  1.6242E-01  0.0000E+00  2.3318E-04  8.2709E-35  2.9721E-12  0.0000E+00  4.1048E-04  4.5005E-38
  4.5005E-38  8.3686E-01  4.5005E-38  4.5005E-38  4.5005E-38  4.5005E-38  4.5005E-38  4.5005E-38  1.6242E-01  0.0000E+00  2.3318E-04  9.1902E-36  3.3024E-13  0.0000E+00  4.1048E-04  4.5005E-38
  4.5005E-38  8.3686E-01  4.5005E-38  4.5005E-38  4.5005E-38  4.5005E-38  4.5005E-38  4.5005E-38  1.6242E-01  0.0000E+00  2.3318E-04  8.2711E-37  2.9721E-14  0.0000E+00  4.1048E-04  4.5005E-38
  4.5005E-38  8.3686E-01  4.5005E-38  4.5005E-38  4.5005E-38  4.5005E-38  4.5005E-38  4.5005E-38  1.6242E-01  0.0000E+00  2.3318E-04  9.1903E-38  3.3024E-15  0.0000E+00  4.1049E-04  4.5005E-38
  4.5005E-38  8.3686E-01  4.5005E-38  4.5005E-38  4.5005E-38  4.5005E-38  4.5005E-38  4.5005E-38  1.6242E-01  0.0000E+00  2.3318E-04  4.5005E-38  2.9721E-16  0.0000E+00  4.1048E-04  4.5005E-38
  4.5005E-38  8.3686E-01  4.5005E-38  4.5005E-38  4.5005E-38  4.5005E-38  4.5005E-38  4.5005E-38  1.6242E-01  0.0000E+00  2.3318E-04  4.5005E-38  3.3024E-17  0.0000E+00  4.1048E-04  4.5005E-38
  4.5017E-38  8.3706E-01  4.5017E-38  4.5017E-38  4.5017E-38  4.5017E-38  4.5017E-38  4.5017E-38  1.6246E-01  0.0000E+00  2.3324E-04  4.5017E-38  2.9730E-18  0.0000E+00  1.6005E-04  4.5017E-38
  4.5022E-38  8.3715E-01  4.5022E-38  4.5022E-38  4.5022E-38  4.5022E-38  4.5022E-38  4.5022E-38  1.6248E-01  0.0000E+00  2.3326E-04  4.5022E-38  3.3038E-19  0.0000E+00  5.3357E-05  4.5022E-38
  4.5024E-38  8.3718E-01  4.5024E-38  4.5024E-38  4.5024E-38  4.5024E-38  4.5024E-38  4.5024E-38  1.6249E-01  0.0000E+00  2.3327E-04  4.5024E-38  2.9736E-20  0.0000E+00  1.6007E-05  4.5024E-38
  4.5024E-38  8.3719E-01  4.5024E-38  4.5024E-38  4.5024E-38  4.5024E-38  4.5024E-38  4.5024E-38  1.6249E-01  0.0000E+00  2.3328E-04  4.5024E-38  3.3040E-21  0.0000E+00  5.3360E-06  4.5024E-38
  4.5024E-38  8.3720E-01  4.5024E-38  4.5024E-38  4.5024E-38  4.5024E-38  4.5024E-38  4.5024E-38  1.6249E-01  0.0000E+00  2.3328E-04  4.5024E-38  2.9736E-22  0.0000E+00  1.6008E-06  4.5024E-38
  4.5025E-38  8.3720E-01  4.5025E-38  4.5025E-38  4.5025E-38  4.5025E-38  4.5025E-38  4.5025E-38  1.6249E-01  0.0000E+00  2.3328E-04  4.5025E-38  3.3040E-23  0.0000E+00  5.3360E-07  4.5025E-38
  4.5025E-38  8.3720E-01  4.5025E-38  4.5025E-38  4.5025E-38  4.5025E-38  4.5025E-38  4.5025E-38  1.6249E-01  0.0000E+00  2.3328E-04  4.5025E-38  2.9737E-24  0.0000E+00  1.6008E-07  4.5025E-38
  4.5025E-38  8.3721E-01  4.5025E-38  4.5025E-38  4.5025E-38  4.5025E-38  4.5025E-38  4.5025E-38  1.6249E-01  0.0000E+00  2.3328E-04  4.5025E-38  3.3040E-25  0.0000E+00  5.3361E-08  4.5025E-38
  4.5025E-38  8.3721E-01  4.5025E-38  4.5025E-38  4.5025E-38  4.5025E-38  4.5025E-38  4.5025E-38  1.6249E-01  0.0000E+00  2.3328E-04  4.5025E-38  2.9737E-26  0.0000E+00  1.6008E-08  4.5025E-38
  4.5005E-38  8.3686E-01  4.5005E-38  4.5005E-38  4.5005E-38  4.5005E-38  4.5005E-38  4.5005E-38  1.6242E-01  0.0000E+00  2.3318E-04  9.4474E-31  3.6617E-09  0.0000E+00  4.1048E-04  1.7772E-35
  4.5005E-38  8.3686E-01  4.5005E-38  4.5005E-38  4.5005E-38  4.5005E-38  4.5005E-38  4.5005E-38  1.6242E-01  0.0000E+00  2.3318E-04  1.0497E-31  4.0694E-10  0.0000E+00  4.1048E-04  1.9747E-36
  4.5005E-38  8.3686E-01  4.5005E-38  4.5005E-38  4.5005E-38  4.5005E-38  4.5005E-38  4.5005E-38  1.6242E-01  0.0000E+00  2.3318E-04  9.4473E-33  3.6624E-11  0.0000E+00  4.1048E-04  1.7772E-37
  4.5005E-38  8.3686E-01  4.5005E-38  4.5005E-38  4.5005E-38  4.5005E-38  4.5005E-38  4.5005E-38  1.6242E-01  0.0000E+00  2.3318E-04  1.0497E-33  4.0694E-12  0.0000E+00  4.1048E-04  4.5005E-38
  4.5005E-38  8.3686E-01  4.5005E-38  4.5005E-38  4.5005E-38  4.5005E-38  4.5005E-38  4.5005E-38  1.6242E-01  0.0000E+00  2.3318E-04  9.4471E-35  3.6624E-13  0.0000E+00  4.1048E-04  4.5005E-38
