e- H2 H H+ H- H2- H2+ H3+ He Ar CH4 CO2 N2 O2 H2O CO
  4.5010E-38  8.3751E-01  4.5010E-38  4.5010E-38  4.5010E-38  4.5010E-38  4.5010E-38  4.5010E-38  1.6241E-01  0.0000E+00  8.2729E-05  4.5010E-38  4.5010E-38  0.0000E+00  7.2616E-23  4.5010E-38
  4.5010E-38  8.3751E-01  4.5010E-38  4.5010E-38  4.5010E-38  4.5010E-38  4.5010E-38  4.5010E-38  1.6241E-01  0.0000E+00  8.2729E-05  4.5010E-38  4.5010E-38  0.0000E+00  2.4205E-23  4.5010E-38
  4.5010E-38  8.3751E-01  4.5010E-38  4.5010E-38  4.5010E-38  4.5010E-38  4.5010E-38  4.5010E-38  1.6241E-01  0.0000E+00  8.2729E-05  4.5010E-38  4.5010E-38  0.0000E+00  7.2616E-24  4.5010E-38
  4.5010E-38  8.3751E-01  4.5010E-38  4.5010E-38  4.5010E-38  4.5010E-38  4.5010E-38  4.5010E-38  1.6241E-01  0.0000E+00  8.2729E-05  4.5010E-38  4.5010E-38  0.0000E+00  2.4205E-24  4.5010E-38
  4.5010E-38  8.3751E-01  4.5010E-38  4.5010E-38  4.5010E-38  4.5010E-38  4.5010E-38  4.5010E-38  1.6241E-01  0.0000E+00  8.2729E-05  4.5010E-38  4.5010E-38  0.0000E+00  7.2616E-25  4.5010E-38
  4.5010E-38  8.3751E-01  4.5010E-38  4.5010E-38  4.5010E-38  4.5010E-38  4.5010E-38  4.5010E-38  1.6241E-01  0.0000E+00  8.2729E-05  4.5010E-38  4.5010E-38  0.0000E+00  2.4205E-25  4.5010E-38
  4.5010E-38  8.3751E-01  4.5010E-38  4.5010E-38  4.5010E-38  4.5010E-38  4.5010E-38  4.5010E-38  1.6241E-01  0.0000E+00  8.2729E-05  4.5010E-38  4.5010E-38  0.0000E+00  7.2616E-26  4.5010E-38
  4.5010E-38  8.3751E-01  4.5010E-38  4.5010E-38  4.5010E-38  4.5010E-38  4.5010E-38  4.5010E-38  1.6241E-01  0.0000E+00  8.2729E-05  4.5010E-38  4.5010E-38  0.0000E+00  2.4205E-26  4.5010E-38
  4.5010E-38  8.3751E-01  4.5010E-38  4.5010E-38  4.5010E-38  4.5010E-38  4.5010E-38  4.5010E-38  1.6241E-01  0.0000E+00  8.2729E-05  4.5010E-38  4.5010E-38  0.0000E+00  7.2616E-27  4.5010E-38
  4.5010E-38  8.3751E-01  4.5010E-38  4.5010E-38  4.5010E-38  4.5010E-38  4.5010E-38  4.5010E-38  1.6241E-01  0.0000E+00  8.2729E-05  4.5010E-38  4.5010E-38  0.0000E+00  2.4205E-27  4.5010E-38
  4.5010E-38  8.3751E-01  4.5010E-38  4.5010E-38  4.5010E-38  4.5010E-38  4.5010E-38  4.5010E-38  1.6241E-01  0.0000E+00  8.2729E-05  4.5010E-38  4.5010E-38  0.0000E+00  7.2616E-28  4.5010E-38
  4.5010E-38  8.3751E-01  4.5010E-38  4.5010E-38  4.5010E-38  4.5010E-38  4.5010E-38  4.5010E-38  1.6241E-01  0.0000E+00  8.2729E-05  4.5010E-38  4.5010E-38  0.0000E+00  2.4205E-28  4.5010E-38
  4.5010E-38  8.3751E-01  4.5010E-38  4.5010E-38  4.5010E-38  4.5010E-38  4.5010E-38  4.5010E-38  1.6241E-01  0.0000E+00  8.2729E-05  4.5010E-38  4.5010E-38  0.0000E+00  7.2616E-29  4.5010E-38
  4.5010E-38  8.3751E-01  4.5010E-38  4.5010E-38  4.5010E-38  4.5010E-38  4.5010E-38  4.5010E-38  1.6241E-01  0.0000E+00  8.2729E-05  4.5010E-38  4.5010E-38  0.0000E+00  2.4205E-29  4.5010E-38
  4.5010E-38  8.3751E-01  4.5010E-38  4.5010E-38  4.5010E-38  4.5010E-38  4.5010E-38  4.5010E-38  1.6241E-01  0.0000E+00  8.2729E-05  4.5010E-38  4.5010E-38  0.0000E+00  7.2616E-30  4.5010E-38
  4.5009E-38  8.3749E-01  4.5009E-38  4.5009E-38  4.5009E-38  4.5009E-38  4.5009E-38  4.5009E-38  1.6240E-01  0.0000E+00  8.2727E-05  4.5009E-38  2.6198E-33  0.0000E+00  6.2847E-14  4.5009E-38
  4.5009E-38  8.3749E-01  4.5009E-38  4.5009E-38  4.5009E-38  4.5009E-38  4.5009E-38  4.5009E-38  1.6240E-01  0.0000E+00  8.2727E-05  4.5009E-38  2.9109E-34  0.0000E+00  2.0949E-14  4.5009E-38
  4.5009E-38  8.3749E-01  4.5009E-38  4.5009E-38  4.5009E-38  4.5009E-38  4.5009E-38  4.5009E-38  1.6240E-01  0.0000E+00  8.2727E-05  4.5009E-38  2.6198E-35  0.0000E+00  6.2847E-15  4.5009E-38
  4.5009E-38  8.3749E-01  4.5009E-38  4.5009E-38  4.5009E-38  4.5009E-38  4.5009E-38  4.5009E-38  1.6240E-01  0.0000E+00  8.2727E-05  4.5009E-38  2.9109E-36  0.0000E+00  2.0949E-15  4.5009E-38
  4.5009E-38  8.3750E-01  4.5009E-38  4.5009E-38  4.5009E-38  4.5009E-38  4.5009E-38  4.5009E-38  1.6240E-01  0.0000E+00  8.2728E-05  4.5009E-38  4.5009E-38  0.0000E+00  6.2848E-16  4.5009E-38
  4.5010E-38  8.3751E-01  4.5010E-38  4.5010E-38  4.5010E-38  4.5010E-38  4.5010E-38  4.5010E-38  1.6240E-01  0.0000E+00  8.2729E-05  4.5010E-38  4.5010E-38  0.0000E+00  2.0949E-16  4.5010E-38
  4.5010E-38  8.3751E-01  4.5010E-38  4.5010E-38  4.5010E-38  4.5010E-38  4.5010E-38  4.5010E-38  1.6241E-01  0.0000E+00  8.2729E-05  4.5010E-38  4.5010E-38  0.0000E+00  6.2849E-17  4.5010E-38
  4.5010E-38  8.3751E-01  4.5010E-38  4.5010E-38  4.5010E-38  4.5010E-38  4.5010E-38  4.5010E-38  1.6241E-01  0.0000E+00  8.2729E-05  4.5010E-38  4.5010E-38  0.0000E+00  2.0950E-17  4.5010E-38
  4.5010E-38  8.3751E-01  4.5010E-38  4.5010E-38  4.5010E-38  4.5010E-38  4.5010E-38  4.5010E-38  1.6241E-01  0.0000E+00  8.2729E-05  4.5010E-38  4.5010E-38  0.0000E+00  6.2849E-18  4.5010E-38
  4.5010E-38  8.3751E-01  4.5010E-38  4.5010E-38  4.5010E-38  4.5010E-38  4.5010E-38  4.5010E-38  1.6241E-01  0.0000E+00  8.2729E-05  4.5010E-38  4.5010E-38  0.0000E+00  2.0950E-18  4.5010E-38
  4.5010E-38  8.3751E-01  4.5010E-38  4.5010E-38  4.5010E-38  4.5010E-38  4.5010E-38  4.5010E-38  1.6241E-01  0.0000E+00  8.2729E-05  4.5010E-38  4.5010E-38  0.0000E+00  6.2849E-19  4.5010E-38
  4.5010E-38  8.3751E-01  4.5010E-38  4.5010E-38  4.5010E-38  4.5010E-38  4.5010E-38  4.5010E-38  1.6241E-01  0.0000E+00  8.2729E-05  4.5010E-38  4.5010E-38  0.0000E+00  2.0950E-19  4.5010E-38
  4.5010E-38  8.3751E-01  4.5010E-38  4.5010E-38  4.5010E-38  4.5010E-38  4.5010E-38  4.5010E-38  1.6241E-01  0.0000E+00  8.2729E-05  4.5010E-38  4.5010E-38  0.0000E+00  6.2849E-20  4.5010E-38
  4.5010E-38  8.3751E-01  4.5010E-38  4.5010E-38  4.5010E-38  4.5010E-38  4.5010E-38  4.5010E-38  1.6241E-01  0.0000E+00  8.2729E-05  4.5010E-38  4.5010E-38  0.0000E+00  2.0950E-20  4.5010E-38
  4.5010E-38  8.3751E-01  4.5010E-38  4.5010E-38  4.5010E-38  4.5010E-38  4.5010E-38  4.5010E-38  1.6241E-01  0.0000E+00  8.2729E-05  4.5010E-38  4.5010E-38  0.0000E+00  6.2849E-21  4.5010E-38
  4.5010E-38  8.3751E-01  4.5010E-38  4.5010E-38  4.5010E-38  4.5010E-38  4.5010E-38  4.5010E-38  1.6241E-01  0.0000E+00  8.2729E-05  4.5010E-38  4.5010E-38  0.0000E+00  2.0950E-21  4.5010E-38
  4.5009E-38  8.3749E-01  4.5009E-38  4.5009E-38  4.5009E-38  4.5009E-38  4.5009E-38  4.5009E-38  1.6240E-01  0.0000E+00  8.2727E-05  4.5009E-38  2.3612E-29  0.0000E+00  1.7207E-11  4.5009E-38
  4.5009E-38  8.3749E-01  4.5009E-38  4.5009E-38  4.5009E-38  4.5009E-38  4.5009E-38  4.5009E-38  1.6240E-01  0.0000E+00  8.2727E-05  4.5009E-38  2.6235E-30  0.0000E+00  5.7359E-12  4.5009E-38
  4.5009E-38  8.3749E-01  4.5009E-38  4.5009E-38  4.5009E-38  4.5009E-38  4.5009E-38  4.5009E-38  1.6240E-01  0.0000E+00  8.2727E-05  4.5009E-38  2.3612E-31  0.0000E+00  1.7207E-12  4.5009E-38
  4.5009E-38  8.3749E-01  4.5009E-38  4.5009E-38  4.5009E-38  4.5009E-38  4.5009E-38  4.5009E-38  1.6240E-01  0.0000E+00  8.2727E-05  4.5009E-38  2.6235E-32  0.0000E+00  5.7359E-13  4.5009E-38
  4.5009E-38  8.3749E-01  4.5009E-38  4.5009E-38  4.5009E-38  4.5009E-38  4.5009E-38  4.5009E-38  1.6240E-01  0.0000E+00  8.2727E-05  4.5009E-38  2.3612E-33  0.0000E+00  1.7207E-13  4.5009E-38
  4.5009E-38  8.3749E-01  4.5009E-38  4.5009E-38  4.5009E-38  4.5009E-38  4.5009E-38  4.5009E-38  1.6240E-01  0.0000E+00  8.2727E-05  4.5009E-38  2.6235E-34  0.0000E+00  5.7359E-14  4.5009E-38
  4.5009E-38  8.3749E-01  4.5009E-38  4.5009E-38  4.5009E-38  4.5009E-38  4.5009E-38  4.5009E-38  1.6240E-01  0.0000E+00  8.2727E-05  4.5009E-38  2.3612E-35  0.0000E+00  1.7207E-14  4.5009E-38
  4.5009E-38  8.3750E-01  4.5009E-38  4.5009E-38  4.5009E-38  4.5009E-38  4.5009E-38  4.5009E-38  1.6240E-01  0.0000E+00  8.2728E-05  4.5009E-38  4.5009E-38  0.0000E+00  5.7360E-15  4.5009E-38
  4.5010E-38  8.3751E-01  4.5010E-38  4.5010E-38  4.5010E-38  4.5010E-38  4.5010E-38  4.5010E-38  1.6240E-01  0.0000E+00  8.2729E-05  4.5010E-38  4.5010E-38  0.0000E+00  1.7208E-15  4.5010E-38
  4.5010E-38  8.3751E-01  4.5010E-38  4.5010E-38  4.5010E-38  4.5010E-38  4.5010E-38  4.5010E-38  1.6241E-01  0.0000E+00  8.2729E-05  4.5010E-38  4.5010E-38  0.0000E+00  5.7360E-16  4.5010E-38
  4.5010E-38  8.3751E-01  4.5010E-38  4.5010E-38  4.5010E-38  4.5010E-38  4.5010E-38  4.5010E-38  1.6241E-01  0.0000E+00  8.2729E-05  4.5010E-38  4.5010E-38  0.0000E+00  1.7208E-16  4.5010E-38
  4.5010E-38  8.3751E-01  4.5010E-38  4.5010E-38  4.5010E-38  4.5010E-38  4.5010E-38  4.5010E-38  1.6241E-01  0.0000E+00  8.2729E-05  4.5010E-38  4.5010E-38  0.0000E+00  5.7361E-17  4.5010E-38
  4.5010E-38  8.3751E-01  4.5010E-38  4.5010E-38  4.5010E-38  4.5010E-38  4.5010E-38  4.5010E-38  1.6241E-01  0.0000E+00  8.2729E-05  4.5010E-38  4.5010E-38  0.0000E+00  1.7208E-17  4.5010E-38
  4.5010E-38  8.3751E-01  4.5010E-38  4.5010E-38  4.5010E-38  4.5010E-38  4.5010E-38  4.5010E-38  1.6241E-01  0.0000E+00  8.2729E-05  4.5010E-38  4.5010E-38  0.0000E+00  5.7361E-18  4.5010E-38
  4.5010E-38  8.3751E-01  4.5010E-38  4.5010E-38  4.5010E-38  4.5010E-38  4.5010E-38  4.5010E-38  1.6241E-01  0.0000E+00  8.2729E-05  4.5010E-38  4.5010E-38  0.0000E+00  1.7208E-18  4.5010E-38
  4.5010E-38  8.3751E-01  4.5010E-38  4.5010E-38  4.5010E-38  4.5010E-38  4.5010E-38  4.5010E-38  1.6241E-01  0.0000E+00  8.2729E-05  4.5010E-38  4.5010E-38  0.0000E+00  5.7361E-19  4.5010E-38
  4.5010E-38  8.3751E-01  4.5010E-38  4.5010E-38  4.5010E-38  4.5010E-38  4.5010E-38  4.5010E-38  1.6241E-01  0.0000E+00  8.2729E-05  4.5010E-38  4.5010E-38  0.0000E+00  1.7208E-19  4.5010E-38
  4.5009E-38  8.3749E-01  4.5009E-38  4.5009E-38  4.5009E-38  4.5009E-38  4.5009E-38  4.5009E-38  1.6240E-01  0.0000E+00  8.2727E-05  4.5009E-38  4.8882E-26  0.0000E+00  1.8490E-09  4.5009E-38
  4.5009E-38  8.3749E-01  4.5009E-38  4.5009E-38  4.5009E-38  4.5009E-38  4.5009E-38  4.5009E-38  1.6240E-01  0.0000E+00  8.2727E-05  4.5009E-38  5.4314E-27  0.0000E+00  6.1631E-10  4.5009E-38
  4.5009E-38  8.3749E-01  4.5009E-38  4.5009E-38  4.5009E-38  4.5009E-38  4.5009E-38  4.5009E-38  1.6240E-01  0.0000E+00  8.2727E-05  4.5009E-38  4.8883E-28  0.0000E+00  1.8490E-10  4.5009E-38
  4.5009E-38  8.3749E-01  4.5009E-38  4.5009E-38  4.5009E-38  4.5009E-38  4.5009E-38  4.5009E-38  1.6240E-01  0.0000E+00  8.2727E-05  4.5009E-38  5.4314E-29  0.0000E+00  6.1631E-11  4.5009E-38
  4.5009E-38  8.3749E-01  4.5009E-38  4.5009E-38  4.5009E-38  4.5009E-38  4.5009E-38  4.5009E-38  1.6240E-01  0.0000E+00  8.2727E-05  4.5009E-38  4.8883E-30  0.0000E+00  1.8490E-11  4.5009E-38
  4.5009E-38  8.3749E-01  4.5009E-38  4.5009E-38  4.5009E-38  4.5009E-38  4.5009E-38  4.5009E-38  1.6240E-01  0.0000E+00  8.2727E-05  4.5009E-38  5.4314E-31  0.0000E+00  6.1631E-12  4.5009E-38
  4.5009E-38  8.3749E-01  4.5009E-38  4.5009E-38  4.5009E-38  4.5009E-38  4.5009E-38  4.5009E-38  1.6240E-01  0.0000E+00  8.2727E-05  4.5009E-38  4.8883E-32  0.0000E+00  1.8490E-12  4.5009E-38
  4.5009E-38  8.3749E-01  4.5009E-38  4.5009E-38  4.5009E-38  4.5009E-38  4.5009E-38  4.5009E-38  1.6240E-01  0.0000E+00  8.2727E-05  4.5009E-38  5.4314E-33  0.0000E+00  6.1631E-13  4.5009E-38
  4.5009E-38  8.3749E-01  4.5009E-38  4.5009E-38  4.5009E-38  4.5009E-38  4.5009E-38  4.5009E-38  1.6240E-01  0.0000E+00  8.2727E-05  4.5009E-38  4.8883E-34  0.0000E+00  1.8490E-13  4.5009E-38
  4.5009E-38  8.3750E-01  4.5009E-38  4.5009E-38  4.5009E-38  4.5009E-38  4.5009E-38  4.5009E-38  1.6240E-01  0.0000E+00  8.2728E-05  4.5009E-38  8.9931E-37  0.0000E+00  6.1631E-14  4.5009E-38
  4.5010E-38  8.3751E-01  4.5010E-38  4.5010E-38  4.5010E-38  4.5010E-38  4.5010E-38  4.5010E-38  1.6240E-01  0.0000E+00  8.2729E-05  4.5010E-38  4.5010E-38  0.0000E+00  1.8490E-14  4.5010E-38
  4.5010E-38  8.3751E-01  4.5010E-38  4.5010E-38  4.5010E-38  4.5010E-38  4.5010E-38  4.5010E-38  1.6241E-01  0.0000E+00  8.2729E-05  4.5010E-38  4.5010E-38  0.0000E+00  6.1632E-15  4.5010E-38
  4.5010E-38  8.3751E-01  4.5010E-38  4.5010E-38  4.5010E-38  4.5010E-38  4.5010E-38  4.5010E-38  1.6241E-01  0.0000E+00  8.2729E-05  4.5010E-38  4.5010E-38  0.0000E+00  1.8490E-15  4.5010E-38
  4.5010E-38  8.3751E-01  4.5010E-38  4.5010E-38  4.5010E-38  4.5010E-38  4.5010E-38  4.5010E-38  1.6241E-01  0.0000E+00  8.2729E-05  4.5010E-38  4.5010E-38  0.0000E+00  6.1632E-16  4.5010E-38
  4.5010E-38  8.3751E-01  4.5010E-38  4.5010E-38  4.5010E-38  4.5010E-38  4.5010E-38  4.5010E-38  1.6241E-01  0.0000E+00  8.2729E-05  4.5010E-38  4.5010E-38  0.0000E+00  1.8490E-16  4.5010E-38
  4.5010E-38  8.3751E-01  4.5010E-38  4.5010E-38  4.5010E-38  4.5010E-38  4.5010E-38  4.5010E-38  1.6241E-01  0.0000E+00  8.2729E-05  4.5010E-38  4.5010E-38  0.0000E+00  6.1632E-17  4.5010E-38
  4.5010E-38  8.3751E-01  4.5010E-38  4.5010E-38  4.5010E-38  4.5010E-38  4.5010E-38  4.5010E-38  1.6241E-01  0.0000E+00  8.2729E-05  4.5010E-38  4.5010E-38  0.0000E+00  1.8490E-17  4.5010E-38
  4.5008E-38  8.3749E-01  4.5008E-38  4.5008E-38  4.5008E-38  4.5008E-38  4.5008E-38  4.5008E-38  1.6240E-01  0.0000E+00  8.2727E-05  4.5008E-38  3.2400E-23  0.0000E+00  9.6743E-08  4.5008E-38
  4.5009E-38  8.3749E-01  4.5009E-38  4.5009E-38  4.5009E-38  4.5009E-38  4.5009E-38  4.5009E-38  1.6240E-01  0.0000E+00  8.2727E-05  4.5009E-38  3.6000E-24  0.0000E+00  3.2248E-08  4.5009E-38
  4.5009E-38  8.3749E-01  4.5009E-38  4.5009E-38  4.5009E-38  4.5009E-38  4.5009E-38  4.5009E-38  1.6240E-01  0.0000E+00  8.2727E-05  4.5009E-38  3.2400E-25  0.0000E+00  9.6744E-09  4.5009E-38
  4.5009E-38  8.3749E-01  4.5009E-38  4.5009E-38  4.5009E-38  4.5009E-38  4.5009E-38  4.5009E-38  1.6240E-01  0.0000E+00  8.2727E-05  4.5009E-38  3.6000E-26  0.0000E+00  3.2248E-09  4.5009E-38
  4.5009E-38  8.3749E-01  4.5009E-38  4.5009E-38  4.5009E-38  4.5009E-38  4.5009E-38  4.5009E-38  1.6240E-01  0.0000E+00  8.2727E-05  4.5009E-38  3.2400E-27  0.0000E+00  9.6744E-10  4.5009E-38
  4.5009E-38  8.3749E-01  4.5009E-38  4.5009E-38  4.5009E-38  4.5009E-38  4.5009E-38  4.5009E-38  1.6240E-01  0.0000E+00  8.2727E-05  4.5009E-38  3.6000E-28  0.0000E+00  3.2248E-10  4.5009E-38
  4.5009E-38  8.3749E-01  4.5009E-38  4.5009E-38  4.5009E-38  4.5009E-38  4.5009E-38  4.5009E-38  1.6240E-01  0.0000E+00  8.2727E-05  4.5009E-38  3.2400E-29  0.0000E+00  9.6744E-11  4.5009E-38
  4.5009E-38  8.3749E-01  4.5009E-38  4.5009E-38  4.5009E-38  4.5009E-38  4.5009E-38  4.5009E-38  1.6240E-01  0.0000E+00  8.2727E-05  4.5009E-38  3.6000E-30  0.0000E+00  3.2248E-11  4.5009E-38
  4.5009E-38  8.3749E-01  4.5009E-38  4.5009E-38  4.5009E-38  4.5009E-38  4.5009E-38  4.5009E-38  1.6240E-01  0.0000E+00  8.2727E-05  4.5009E-38  3.2400E-31  0.0000E+00  9.6744E-12  4.5009E-38
  4.5009E-38  8.3749E-01  4.5009E-38  4.5009E-38  4.5009E-38  4.5009E-38  4.5009E-38  4.5009E-38  1.6240E-01  0.0000E+00  8.2727E-05  4.5009E-38  3.6000E-32  0.0000E+00  3.2248E-12  4.5009E-38
  4.5009E-38  8.3749E-01  4.5009E-38  4.5009E-38  4.5009E-38  4.5009E-38  4.5009E-38  4.5009E-38  1.6240E-01  0.0000E+00  8.2727E-05  4.5009E-38  3.2400E-33  0.0000E+00  9.6744E-13  4.5009E-38
  4.5009E-38  8.3750E-01  4.5009E-38  4.5009E-38  4.5009E-38  4.5009E-38  4.5009E-38  4.5009E-38  1.6240E-01  0.0000E+00  8.2728E-05  4.5009E-38  1.2131E-35  0.0000E+00  3.2249E-13  4.5009E-38
  4.5010E-38  8.3751E-01  4.5010E-38  4.5010E-38  4.5010E-38  4.5010E-38  4.5010E-38  4.5010E-38  1.6240E-01  0.0000E+00  8.2729E-05  4.5010E-38  9.8266E-38  0.0000E+00  9.6746E-14  4.5010E-38
  4.5010E-38  8.3751E-01  4.5010E-38  4.5010E-38  4.5010E-38  4.5010E-38  4.5010E-38  4.5010E-38  1.6240E-01  0.0000E+00  8.2729E-05  4.5010E-38  4.5010E-38  0.0000E+00  3.2249E-14  4.5010E-38
  4.5010E-38  8.3751E-01  4.5010E-38  4.5010E-38  4.5010E-38  4.5010E-38  4.5010E-38  4.5010E-38  1.6241E-01  0.0000E+00  8.2729E-05  4.5010E-38  4.5010E-38  0.0000E+00  9.6746E-15  4.5010E-38
  4.5010E-38  8.3751E-01  4.5010E-38  4.5010E-38  4.5010E-38  4.5010E-38  4.5010E-38  4.5010E-38  1.6241E-01  0.0000E+00  8.2729E-05  4.5010E-38  4.5010E-38  0.0000E+00  3.2249E-15  4.5010E-38
  4.5010E-38  8.3751E-01  4.5010E-38  4.5010E-38  4.5010E-38  4.5010E-38  4.5010E-38  4.5010E-38  1.6241E-01  0.0000E+00  8.2729E-05  4.5010E-38  4.5010E-38  0.0000E+00  9.6746E-16  4.5010E-38
  4.5008E-38  8.3749E-01  4.5008E-38  4.5008E-38  4.5008E-38  4.5008E-38  4.5008E-38  4.5008E-38  1.6240E-01  0.0000E+00  8.2726E-05  4.5008E-38  8.7389E-21  0.0000E+00  2.8760E-06  4.5008E-38
  4.5008E-38  8.3749E-01  4.5008E-38  4.5008E-38  4.5008E-38  4.5008E-38  4.5008E-38  4.5008E-38  1.6240E-01  0.0000E+00  8.2726E-05  4.5008E-38  9.7099E-22  0.0000E+00  9.5868E-07  4.5008E-38
  4.5008E-38  8.3749E-01  4.5008E-38  4.5008E-38  4.5008E-38  4.5008E-38  4.5008E-38  4.5008E-38  1.6240E-01  0.0000E+00  8.2727E-05  4.5008E-38  8.7389E-23  0.0000E+00  2.8760E-07  4.5008E-38
  4.5008E-38  8.3749E-01  4.5008E-38  4.5008E-38  4.5008E-38  4.5008E-38  4.5008E-38  4.5008E-38  1.6240E-01  0.0000E+00  8.2726E-05  4.5008E-38  9.7099E-24  0.0000E+00  9.5868E-08  4.5008E-38
  4.5009E-38  8.3749E-01  4.5009E-38  4.5009E-38  4.5009E-38  4.5009E-38  4.5009E-38  4.5009E-38  1.6240E-01  0.0000E+00  8.2727E-05  4.5009E-38  8.7390E-25  0.0000E+00  2.8760E-08  4.5009E-38
  4.5009E-38  8.3749E-01  4.5009E-38  4.5009E-38  4.5009E-38  4.5009E-38  4.5009E-38  4.5009E-38  1.6240E-01  0.0000E+00  8.2727E-05  4.5009E-38  9.7100E-26  0.0000E+00  9.5868E-09  4.5009E-38
  4.5009E-38  8.3749E-01  4.5009E-38  4.5009E-38  4.5009E-38  4.5009E-38  4.5009E-38  4.5009E-38  1.6240E-01  0.0000E+00  8.2727E-05  4.5009E-38  8.7390E-27  0.0000E+00  2.8761E-09  4.5009E-38
  4.5009E-38  8.3749E-01  4.5009E-38  4.5009E-38  4.5009E-38  4.5009E-38  4.5009E-38  4.5009E-38  1.6240E-01  0.0000E+00  8.2727E-05  4.5009E-38  9.7100E-28  0.0000E+00  9.5868E-10  4.5009E-38
  4.5009E-38  8.3749E-01  4.5009E-38  4.5009E-38  4.5009E-38  4.5009E-38  4.5009E-38  4.5009E-38  1.6240E-01  0.0000E+00  8.2727E-05  4.5009E-38  8.7390E-29  0.0000E+00  2.8761E-10  4.5009E-38
  4.5009E-38  8.3749E-01  4.5009E-38  4.5009E-38  4.5009E-38  4.5009E-38  4.5009E-38  4.5009E-38  1.6240E-01  0.0000E+00  8.2727E-05  4.5009E-38  9.7100E-30  0.0000E+00  9.5868E-11  4.5009E-38
  4.5009E-38  8.3749E-01  4.5009E-38  4.5009E-38  4.5009E-38  4.5009E-38  4.5009E-38  4.5009E-38  1.6240E-01  0.0000E+00  8.2727E-05  4.5009E-38  8.7390E-31  0.0000E+00  2.8761E-11  4.5009E-38
  4.5009E-38  8.3749E-01  4.5009E-38  4.5009E-38  4.5009E-38  4.5009E-38  4.5009E-38  4.5009E-38  1.6240E-01  0.0000E+00  8.2727E-05  4.5009E-38  9.7100E-32  0.0000E+00  9.5868E-12  4.5009E-38
  4.5009E-38  8.3749E-01  4.5009E-38  4.5009E-38  4.5009E-38  4.5009E-38  4.5009E-38  4.5009E-38  1.6240E-01  0.0000E+00  8.2727E-05  4.5009E-38  8.7390E-33  0.0000E+00  2.8761E-12  4.5009E-38
  4.5009E-38  8.3750E-01  4.5009E-38  4.5009E-38  4.5009E-38  4.5009E-38  4.5009E-38  4.5009E-38  1.6240E-01  0.0000E+00  8.2728E-05  4.5009E-38  3.0273E-35  0.0000E+00  9.5870E-13  4.5009E-38
  4.5010E-38  8.3751E-01  4.5010E-38  4.5010E-38  4.5010E-38  4.5010E-38  4.5010E-38  4.5010E-38  1.6240E-01  0.0000E+00  8.2729E-05  4.5010E-38  2.4521E-37  0.0000E+00  2.8761E-13  4.5010E-38
  4.5010E-38  8.3751E-01  4.5010E-38  4.5010E-38  4.5010E-38  4.5010E-38  4.5010E-38  4.5010E-38  1.6241E-01  0.0000E+00  8.2729E-05  4.5010E-38  4.5010E-38  0.0000E+00  9.5871E-14  4.5010E-38
  4.5010E-38  8.3751E-01  4.5010E-38  4.5010E-38  4.5010E-38  4.5010E-38  4.5010E-38  4.5010E-38  1.6241E-01  0.0000E+00  8.2729E-05  4.5010E-38  4.5010E-38  0.0000E+00  2.8761E-14  4.5010E-38
  4.5006E-38  8.3744E-01  4.5006E-38  4.5006E-38  4.5006E-38  4.5006E-38  4.5006E-38  4.5006E-38  1.6239E-01  0.0000E+00  8.2722E-05  4.5006E-38  1.1451E-18  0.0000E+00  5.4391E-05  4.5006E-38
  4.5008E-38  8.3747E-01  4.5008E-38  4.5008E-38  4.5008E-38  4.5008E-38  4.5008E-38  4.5008E-38  1.6240E-01  0.0000E+00  8.2725E-05  4.5008E-38  1.2723E-19  0.0000E+00  1.8131E-05  4.5008E-38
  4.5008E-38  8.3748E-01  4.5008E-38  4.5008E-38  4.5008E-38  4.5008E-38  4.5008E-38  4.5008E-38  1.6240E-01  0.0000E+00  8.2726E-05  4.5008E-38  1.1451E-20  0.0000E+00  5.4394E-06  4.5008E-38
  4.5008E-38  8.3749E-01  4.5008E-38  4.5008E-38  4.5008E-38  4.5008E-38  4.5008E-38  4.5008E-38  1.6240E-01  0.0000E+00  8.2726E-05  4.5008E-38  1.2723E-21  0.0000E+00  1.8131E-06  4.5008E-38
  4.5008E-38  8.3749E-01  4.5008E-38  4.5008E-38  4.5008E-38  4.5008E-38  4.5008E-38  4.5008E-38  1.6240E-01  0.0000E+00  8.2727E-05  4.5008E-38  1.1451E-22  0.0000E+00  5.4394E-07  4.5008E-38
  4.5008E-38  8.3749E-01  4.5008E-38  4.5008E-38  4.5008E-38  4.5008E-38  4.5008E-38  4.5008E-38  1.6240E-01  0.0000E+00  8.2727E-05  4.5008E-38  1.2723E-23  0.0000E+00  1.8131E-07  4.5008E-38
  4.5009E-38  8.3749E-01  4.5009E-38  4.5009E-38  4.5009E-38  4.5009E-38  4.5009E-38  4.5009E-38  1.6240E-01  0.0000E+00  8.2727E-05  4.5009E-38  1.1451E-24  0.0000E+00  5.4394E-08  4.5009E-38
  4.5009E-38  8.3749E-01  4.5009E-38  4.5009E-38  4.5009E-38  4.5009E-38  4.5009E-38  4.5009E-38  1.6240E-01  0.0000E+00  8.2727E-05  4.5009E-38  1.2723E-25  0.0000E+00  1.8132E-08  4.5009E-38
  4.5009E-38  8.3749E-01  4.5009E-38  4.5009E-38  4.5009E-38  4.5009E-38  4.5009E-38  4.5009E-38  1.6240E-01  0.0000E+00  8.2727E-05  4.5009E-38  1.1451E-26  0.0000E+00  5.4395E-09  4.5009E-38
  4.5009E-38  8.3749E-01  4.5009E-38  4.5009E-38  4.5009E-38  4.5009E-38  4.5009E-38  4.5009E-38  1.6240E-01  0.0000E+00  8.2727E-05  4.5009E-38  1.2723E-27  0.0000E+00  1.8132E-09  4.5009E-38
  4.5009E-38  8.3749E-01  4.5009E-38  4.5009E-38  4.5009E-38  4.5009E-38  4.5009E-38  4.5009E-38  1.6240E-01  0.0000E+00  8.2727E-05  4.5009E-38  1.1451E-28  0.0000E+00  5.4395E-10  4.5009E-38
  4.5009E-38  8.3749E-01  4.5009E-38  4.5009E-38  4.5009E-38  4.5009E-38  4.5009E-38  4.5009E-38  1.6240E-01  0.0000E+00  8.2727E-05  4.5009E-38  1.2723E-29  0.0000E+00  1.8132E-10  4.5009E-38
  4.5009E-38  8.3749E-01  4.5009E-38  4.5009E-38  4.5009E-38  4.5009E-38  4.5009E-38  4.5009E-38  1.6240E-01  0.0000E+00  8.2727E-05  4.5009E-38  1.1451E-30  0.0000E+00  5.4395E-11  4.5009E-38
  4.5009E-38  8.3749E-01  4.5009E-38  4.5009E-38  4.5009E-38  4.5009E-38  4.5009E-38  4.5009E-38  1.6240E-01  0.0000E+00  8.2727E-05  4.5009E-38  1.2723E-31  0.0000E+00  1.8132E-11  4.5009E-38
  4.5009E-38  8.3749E-01  4.5009E-38  4.5009E-38  4.5009E-38  4.5009E-38  4.5009E-38  4.5009E-38  1.6240E-01  0.0000E+00  8.2727E-05  4.5009E-38  1.5863E-33  0.0000E+00  5.4395E-12  4.5009E-38
  4.5009E-38  8.3751E-01  4.5009E-38  4.5009E-38  4.5009E-38  4.5009E-38  4.5009E-38  4.5009E-38  1.6240E-01  0.0000E+00  8.2728E-05  4.5009E-38  1.9585E-35  0.0000E+00  1.8132E-12  4.5009E-38
  4.5010E-38  8.3751E-01  4.5010E-38  4.5010E-38  4.5010E-38  4.5010E-38  4.5010E-38  4.5010E-38  1.6240E-01  0.0000E+00  8.2729E-05  4.5010E-38  1.5863E-37  0.0000E+00  5.4396E-13  4.5010E-38
  4.5002E-38  8.3737E-01  4.5002E-38  4.5002E-38  4.5002E-38  4.5002E-38  4.5002E-38  4.5002E-38  1.6238E-01  0.0000E+00  8.2715E-05  4.5002E-38  8.3301E-17  0.0000E+00  1.4561E-04  4.5002E-38
  4.5002E-38  8.3737E-01  4.5002E-38  4.5002E-38  4.5002E-38  4.5002E-38  4.5002E-38  4.5002E-38  1.6238E-01  0.0000E+00  8.2714E-05  4.5002E-38  9.2557E-18  0.0000E+00  1.4561E-04  4.5002E-38
  4.5005E-38  8.3743E-01  4.5005E-38  4.5005E-38  4.5005E-38  4.5005E-38  4.5005E-38  4.5005E-38  1.6239E-01  0.0000E+00  8.2721E-05  4.5005E-38  8.3309E-19  0.0000E+00  7.1232E-05  4.5005E-38
  4.5007E-38  8.3747E-01  4.5007E-38  4.5007E-38  4.5007E-38  4.5007E-38  4.5007E-38  4.5007E-38  1.6240E-01  0.0000E+00  8.2725E-05  4.5007E-38  9.2570E-20  0.0000E+00  2.3745E-05  4.5007E-38
  4.5008E-38  8.3748E-01  4.5008E-38  4.5008E-38  4.5008E-38  4.5008E-38  4.5008E-38  4.5008E-38  1.6240E-01  0.0000E+00  8.2726E-05  4.5008E-38  8.3314E-21  0.0000E+00  7.1237E-06  4.5008E-38
  4.5008E-38  8.3749E-01  4.5008E-38  4.5008E-38  4.5008E-38  4.5008E-38  4.5008E-38  4.5008E-38  1.6240E-01  0.0000E+00  8.2726E-05  4.5008E-38  9.2572E-22  0.0000E+00  2.3745E-06  4.5008E-38
  4.5008E-38  8.3749E-01  4.5008E-38  4.5008E-38  4.5008E-38  4.5008E-38  4.5008E-38  4.5008E-38  1.6240E-01  0.0000E+00  8.2727E-05  4.5008E-38  8.3315E-23  0.0000E+00  7.1237E-07  4.5008E-38
  4.5008E-38  8.3749E-01  4.5008E-38  4.5008E-38  4.5008E-38  4.5008E-38  4.5008E-38  4.5008E-38  1.6240E-01  0.0000E+00  8.2726E-05  4.5008E-38  9.2572E-24  0.0000E+00  2.3745E-07  4.5008E-38
  4.5009E-38  8.3749E-01  4.5009E-38  4.5009E-38  4.5009E-38  4.5009E-38  4.5009E-38  4.5009E-38  1.6240E-01  0.0000E+00  8.2727E-05  4.5009E-38  8.3315E-25  0.0000E+00  7.1238E-08  4.5009E-38
  4.5009E-38  8.3749E-01  4.5009E-38  4.5009E-38  4.5009E-38  4.5009E-38  4.5009E-38  4.5009E-38  1.6240E-01  0.0000E+00  8.2727E-05  4.5009E-38  9.2573E-26  0.0000E+00  2.3746E-08  4.5009E-38
  4.5009E-38  8.3749E-01  4.5009E-38  4.5009E-38  4.5009E-38  4.5009E-38  4.5009E-38  4.5009E-38  1.6240E-01  0.0000E+00  8.2727E-05  4.5009E-38  8.3315E-27  0.0000E+00  7.1238E-09  4.5009E-38
  4.5009E-38  8.3749E-01  4.5009E-38  4.5009E-38  4.5009E-38  4.5009E-38  4.5009E-38  4.5009E-38  1.6240E-01  0.0000E+00  8.2727E-05  4.5009E-38  9.2573E-28  0.0000E+00  2.3746E-09  4.5009E-38
  4.5009E-38  8.3749E-01  4.5009E-38  4.5009E-38  4.5009E-38  4.5009E-38  4.5009E-38  4.5009E-38  1.6240E-01  0.0000E+00  8.2727E-05  4.5009E-38  8.3315E-29  0.0000E+00  7.1238E-10  4.5009E-38
  4.5009E-38  8.3749E-01  4.5009E-38  4.5009E-38  4.5009E-38  4.5009E-38  4.5009E-38  4.5009E-38  1.6240E-01  0.0000E+00  8.2727E-05  4.5009E-38  9.2573E-30  0.0000E+00  2.3746E-10  4.5009E-38
  4.5009E-38  8.3749E-01  4.5009E-38  4.5009E-38  4.5009E-38  4.5009E-38  4.5009E-38  4.5009E-38  1.6240E-01  0.0000E+00  8.2727E-05  4.5009E-38  8.3315E-31  0.0000E+00  7.1238E-11  4.5009E-38
  4.5009E-38  8.3749E-01  4.5009E-38  4.5009E-38  4.5009E-38  4.5009E-38  4.5009E-38  4.5009E-38  1.6240E-01  0.0000E+00  8.2727E-05  4.5009E-38  9.2573E-32  0.0000E+00  2.3746E-11  4.5009E-38
  4.5009E-38  8.3750E-01  4.5009E-38  4.5009E-38  4.5009E-38  4.5009E-38  4.5009E-38  4.5009E-38  1.6240E-01  0.0000E+00  8.2728E-05  4.5009E-38  3.4269E-34  0.0000E+00  7.1239E-12  4.5009E-38
  4.5001E-38  8.3737E-01  4.5001E-38  4.5001E-38  4.5001E-38  4.5001E-38  4.5001E-38  4.5001E-38  1.6238E-01  0.0000E+00  8.2714E-05  4.5001E-38  3.7290E-15  0.0000E+00  1.4560E-04  4.5001E-38
  4.5002E-38  8.3737E-01  4.5002E-38  4.5002E-38  4.5002E-38  4.5002E-38  4.5002E-38  4.5002E-38  1.6238E-01  0.0000E+00  8.2714E-05  4.5002E-38  4.1434E-16  0.0000E+00  1.4560E-04  4.5002E-38
  4.5001E-38  8.3737E-01  4.5001E-38  4.5001E-38  4.5001E-38  4.5001E-38  4.5001E-38  4.5001E-38  1.6238E-01  0.0000E+00  8.2714E-05  4.5001E-38  3.7290E-17  0.0000E+00  1.4560E-04  4.5001E-38
  4.5002E-38  8.3737E-01  4.5002E-38  4.5002E-38  4.5002E-38  4.5002E-38  4.5002E-38  4.5002E-38  1.6238E-01  0.0000E+00  8.2714E-05  4.5002E-38  4.1434E-18  0.0000E+00  1.4560E-04  4.5002E-38
  4.5005E-38  8.3743E-01  4.5005E-38  4.5005E-38  4.5005E-38  4.5005E-38  4.5005E-38  4.5005E-38  1.6239E-01  0.0000E+00  8.2721E-05  4.5005E-38  3.7294E-19  0.0000E+00  6.8929E-05  4.5005E-38
  4.5007E-38  8.3747E-01  4.5007E-38  4.5007E-38  4.5007E-38  4.5007E-38  4.5007E-38  4.5007E-38  1.6240E-01  0.0000E+00  8.2725E-05  4.5007E-38  4.1440E-20  0.0000E+00  2.2978E-05  4.5007E-38
  4.5008E-38  8.3748E-01  4.5008E-38  4.5008E-38  4.5008E-38  4.5008E-38  4.5008E-38  4.5008E-38  1.6240E-01  0.0000E+00  8.2726E-05  4.5008E-38  3.7297E-21  0.0000E+00  6.8933E-06  4.5008E-38
  4.5008E-38  8.3749E-01  4.5008E-38  4.5008E-38  4.5008E-38  4.5008E-38  4.5008E-38  4.5008E-38  1.6240E-01  0.0000E+00  8.2726E-05  4.5008E-38  4.1442E-22  0.0000E+00  2.2978E-06  4.5008E-38
  4.5008E-38  8.3749E-01  4.5008E-38  4.5008E-38  4.5008E-38  4.5008E-38  4.5008E-38  4.5008E-38  1.6240E-01  0.0000E+00  8.2726E-05  4.5008E-38  3.7297E-23  0.0000E+00  6.8934E-07  4.5008E-38
  4.5008E-38  8.3749E-01  4.5008E-38  4.5008E-38  4.5008E-38  4.5008E-38  4.5008E-38  4.5008E-38  1.6240E-01  0.0000E+00  8.2726E-05  4.5008E-38  4.1442E-24  0.0000E+00  2.2978E-07  4.5008E-38
  4.5008E-38  8.3749E-01  4.5008E-38  4.5008E-38  4.5008E-38  4.5008E-38  4.5008E-38  4.5008E-38  1.6240E-01  0.0000E+00  8.2727E-05  4.5008E-38  3.7297E-25  0.0000E+00  6.8934E-08  4.5008E-38
  4.5009E-38  8.3749E-01  4.5009E-38  4.5009E-38  4.5009E-38  4.5009E-38  4.5009E-38  4.5009E-38  1.6240E-01  0.0000E+00  8.2727E-05  4.5009E-38  4.1442E-26  0.0000E+00  2.2978E-08  4.5009E-38
  4.5009E-38  8.3749E-01  4.5009E-38  4.5009E-38  4.5009E-38  4.5009E-38  4.5009E-38  4.5009E-38  1.6240E-01  0.0000E+00  8.2727E-05  4.5009E-38  3.7297E-27  0.0000E+00  6.8934E-09  4.5009E-38
  4.5009E-38  8.3749E-01  4.5009E-38  4.5009E-38  4.5009E-38  4.5009E-38  4.5009E-38  4.5009E-38  1.6240E-01  0.0000E+00  8.2727E-05  4.5009E-38  4.1442E-28  0.0000E+00  2.2978E-09  4.5009E-38
  4.5009E-38  8.3749E-01  4.5009E-38  4.5009E-38  4.5009E-38  4.5009E-38  4.5009E-38  4.5009E-38  1.6240E-01  0.0000E+00  8.2727E-05  4.5009E-38  3.7297E-29  0.0000E+00  6.8934E-10  4.5009E-38
  4.5009E-38  8.3749E-01  4.5009E-38  4.5009E-38  4.5009E-38  4.5009E-38  4.5009E-38  4.5009E-38  1.6240E-01  0.0000E+00  8.2727E-05  4.5009E-38  4.1442E-30  0.0000E+00  2.2978E-10  4.5009E-38
  4.5009E-38  8.3749E-01  4.5009E-38  4.5009E-38  4.5009E-38  4.5009E-38  4.5009E-38  4.5009E-38  1.6240E-01  0.0000E+00  8.2727E-05  4.5009E-38  3.7297E-31  0.0000E+00  6.8934E-11  4.5009E-38
  4.5002E-38  8.3737E-01  4.5002E-38  4.5002E-38  4.5002E-38  4.5002E-38  4.5002E-38  4.5002E-38  1.6238E-01  0.0000E+00  8.2715E-05  4.5002E-38  1.1127E-13  0.0000E+00  1.4562E-04  4.5002E-38
  4.5002E-38  8.3737E-01  4.5002E-38  4.5002E-38  4.5002E-38  4.5002E-38  4.5002E-38  4.5002E-38  1.6238E-01  0.0000E+00  8.2715E-05  4.5002E-38  1.2364E-14  0.0000E+00  1.4561E-04  4.5002E-38
  4.5002E-38  8.3737E-01  4.5002E-38  4.5002E-38  4.5002E-38  4.5002E-38  4.5002E-38  4.5002E-38  1.6238E-01  0.0000E+00  8.2715E-05  4.5002E-38  1.1127E-15  0.0000E+00  1.4561E-04  4.5002E-38
  4.5002E-38  8.3737E-01  4.5002E-38  4.5002E-38  4.5002E-38  4.5002E-38  4.5002E-38  4.5002E-38  1.6238E-01  0.0000E+00  8.2715E-05  4.5002E-38  1.2364E-16  0.0000E+00  1.4561E-04  4.5002E-38
  4.5002E-38  8.3737E-01  4.5002E-38  4.5002E-38  4.5002E-38  4.5002E-38  4.5002E-38  4.5002E-38  1.6238E-01  0.0000E+00  8.2715E-05  4.5002E-38  1.1127E-17  0.0000E+00  1.4561E-04  4.5002E-38
  4.5002E-38  8.3737E-01  4.5002E-38  4.5002E-38  4.5002E-38  4.5002E-38  4.5002E-38  4.5002E-38  1.6238E-01  0.0000E+00  8.2715E-05  4.5002E-38  1.2364E-18  0.0000E+00  1.4561E-04  4.5002E-38
  4.5006E-38  8.3744E-01  4.5006E-38  4.5006E-38  4.5006E-38  4.5006E-38  4.5006E-38  4.5006E-38  1.6239E-01  0.0000E+00  8.2722E-05  4.5006E-38  1.1129E-19  0.0000E+00  5.1834E-05  4.5006E-38
  4.5008E-38  8.3747E-01  4.5008E-38  4.5008E-38  4.5008E-38  4.5008E-38  4.5008E-38  4.5008E-38  1.6240E-01  0.0000E+00  8.2725E-05  4.5008E-38  1.2365E-20  0.0000E+00  1.7279E-05  4.5008E-38
  4.5008E-38  8.3748E-01  4.5008E-38  4.5008E-38  4.5008E-38  4.5008E-38  4.5008E-38  4.5008E-38  1.6240E-01  0.0000E+00  8.2726E-05  4.5008E-38  1.1129E-21  0.0000E+00  5.1836E-06  4.5008E-38
  4.5008E-38  8.3749E-01  4.5008E-38  4.5008E-38  4.5008E-38  4.5008E-38  4.5008E-38  4.5008E-38  1.6240E-01  0.0000E+00  8.2727E-05  4.5008E-38  1.2366E-22  0.0000E+00  1.7279E-06  4.5008E-38
  4.5008E-38  8.3749E-01  4.5008E-38  4.5008E-38  4.5008E-38  4.5008E-38  4.5008E-38  4.5008E-38  1.6240E-01  0.0000E+00  8.2727E-05  4.5008E-38  1.1129E-23  0.0000E+00  5.1837E-07  4.5008E-38
  4.5008E-38  8.3749E-01  4.5008E-38  4.5008E-38  4.5008E-38  4.5008E-38  4.5008E-38  4.5008E-38  1.6240E-01  0.0000E+00  8.2727E-05  4.5008E-38  1.2366E-24  0.0000E+00  1.7279E-07  4.5008E-38
  4.5009E-38  8.3749E-01  4.5009E-38  4.5009E-38  4.5009E-38  4.5009E-38  4.5009E-38  4.5009E-38  1.6240E-01  0.0000E+00  8.2727E-05  4.5009E-38  1.1129E-25  0.0000E+00  5.1837E-08  4.5009E-38
  4.5009E-38  8.3749E-01  4.5009E-38  4.5009E-38  4.5009E-38  4.5009E-38  4.5009E-38  4.5009E-38  1.6240E-01  0.0000E+00  8.2727E-05  4.5009E-38  1.2366E-26  0.0000E+00  1.7279E-08  4.5009E-38
  4.5009E-38  8.3749E-01  4.5009E-38  4.5009E-38  4.5009E-38  4.5009E-38  4.5009E-38  4.5009E-38  1.6240E-01  0.0000E+00  8.2727E-05  4.5009E-38  1.1129E-27  0.0000E+00  5.1837E-09  4.5009E-38
  4.5009E-38  8.3749E-01  4.5009E-38  4.5009E-38  4.5009E-38  4.5009E-38  4.5009E-38  4.5009E-38  1.6240E-01  0.0000E+00  8.2727E-05  4.5009E-38  1.2366E-28  0.0000E+00  1.7279E-09  4.5009E-38
  4.5009E-38  8.3749E-01  4.5009E-38  4.5009E-38  4.5009E-38  4.5009E-38  4.5009E-38  4.5009E-38  1.6240E-01  0.0000E+00  8.2727E-05  4.5009E-38  1.1129E-29  0.0000E+00  5.1837E-10  4.5009E-38
  4.5002E-38  8.3737E-01  4.5002E-38  4.5002E-38  4.5002E-38  4.5002E-38  4.5002E-38  4.5002E-38  1.6238E-01  0.0000E+00  8.2714E-05  1.9579E-36  2.3578E-12  0.0000E+00  1.4561E-04  4.5002E-38
  4.5002E-38  8.3737E-01  4.5002E-38  4.5002E-38  4.5002E-38  4.5002E-38  4.5002E-38  4.5002E-38  1.6238E-01  0.0000E+00  8.2715E-05  2.1755E-37  2.6198E-13  0.0000E+00  1.4561E-04  4.5002E-38
  4.5002E-38  8.3737E-01  4.5002E-38  4.5002E-38  4.5002E-38  4.5002E-38  4.5002E-38  4.5002E-38  1.6238E-01  0.0000E+00  8.2714E-05  4.5002E-38  2.3578E-14  0.0000E+00  1.4561E-04  4.5002E-38
  4.5002E-38  8.3737E-01  4.5002E-38  4.5002E-38  4.5002E-38  4.5002E-38  4.5002E-38  4.5002E-38  1.6238E-01  0.0000E+00  8.2715E-05  4.5002E-38  2.6198E-15  0.0000E+00  1.4561E-04  4.5002E-38
  4.5002E-38  8.3737E-01  4.5002E-38  4.5002E-38  4.5002E-38  4.5002E-38  4.5002E-38  4.5002E-38  1.6238E-01  0.0000E+00  8.2714E-05  4.5002E-38  2.3578E-16  0.0000E+00  1.4561E-04  4.5002E-38
  4.5002E-38  8.3737E-01  4.5002E-38  4.5002E-38  4.5002E-38  4.5002E-38  4.5002E-38  4.5002E-38  1.6238E-01  0.0000E+00  8.2715E-05  4.5002E-38  2.6198E-17  0.0000E+00  1.4561E-04  4.5002E-38
  4.5002E-38  8.3737E-01  4.5002E-38  4.5002E-38  4.5002E-38  4.5002E-38  4.5002E-38  4.5002E-38  1.6238E-01  0.0000E+00  8.2714E-05  4.5002E-38  2.3578E-18  0.0000E+00  1.4561E-04  4.5002E-38
  4.5004E-38  8.3740E-01  4.5004E-38  4.5004E-38  4.5004E-38  4.5004E-38  4.5004E-38  4.5004E-38  1.6238E-01  0.0000E+00  8.2718E-05  4.5004E-38  2.6199E-19  0.0000E+00  1.0506E-04  4.5004E-38
  4.5007E-38  8.3746E-01  4.5007E-38  4.5007E-38  4.5007E-38  4.5007E-38  4.5007E-38  4.5007E-38  1.6240E-01  0.0000E+00  8.2724E-05  4.5007E-38  2.3582E-20  0.0000E+00  3.1521E-05  4.5007E-38
  4.5008E-38  8.3748E-01  4.5008E-38  4.5008E-38  4.5008E-38  4.5008E-38  4.5008E-38  4.5008E-38  1.6240E-01  0.0000E+00  8.2726E-05  4.5008E-38  2.6203E-21  0.0000E+00  1.0507E-05  4.5008E-38
  4.5008E-38  8.3749E-01  4.5008E-38  4.5008E-38  4.5008E-38  4.5008E-38  4.5008E-38  4.5008E-38  1.6240E-01  0.0000E+00  8.2726E-05  4.5008E-38  2.3582E-22  0.0000E+00  3.1522E-06  4.5008E-38
  4.5008E-38  8.3749E-01  4.5008E-38  4.5008E-38  4.5008E-38  4.5008E-38  4.5008E-38  4.5008E-38  1.6240E-01  0.0000E+00  8.2727E-05  4.5008E-38  2.6203E-23  0.0000E+00  1.0507E-06  4.5008E-38
  4.5008E-38  8.3749E-01  4.5008E-38  4.5008E-38  4.5008E-38  4.5008E-38  4.5008E-38  4.5008E-38  1.6240E-01  0.0000E+00  8.2726E-05  4.5008E-38  2.3582E-24  0.0000E+00  3.1522E-07  4.5008E-38
  4.5009E-38  8.3749E-01  4.5009E-38  4.5009E-38  4.5009E-38  4.5009E-38  4.5009E-38  4.5009E-38  1.6240E-01  0.0000E+00  8.2727E-05  4.5009E-38  2.6203E-25  0.0000E+00  1.0507E-07  4.5009E-38
  4.5009E-38  8.3749E-01  4.5009E-38  4.5009E-38  4.5009E-38  4.5009E-38  4.5009E-38  4.5009E-38  1.6240E-01  0.0000E+00  8.2727E-05  4.5009E-38  2.3583E-26  0.0000E+00  3.1522E-08  4.5009E-38
  4.5009E-38  8.3749E-01  4.5009E-38  4.5009E-38  4.5009E-38  4.5009E-38  4.5009E-38  4.5009E-38  1.6240E-01  0.0000E+00  8.2727E-05  4.5009E-38  2.6203E-27  0.0000E+00  1.0507E-08  4.5009E-38
  4.5009E-38  8.3749E-01  4.5009E-38  4.5009E-38  4.5009E-38  4.5009E-38  4.5009E-38  4.5009E-38  1.6240E-01  0.0000E+00  8.2727E-05  4.5009E-38  2.3583E-28  0.0000E+00  3.1522E-09  4.5009E-38
  4.5002E-38  8.3737E-01  4.5002E-38  4.5002E-38  4.5002E-38  4.5002E-38  4.5002E-38  4.5002E-38  1.6238E-01  0.0000E+00  8.2714E-05  3.6823E-34  3.7324E-11  0.0000E+00  1.4561E-04  4.5002E-38
  4.5002E-38  8.3737E-01  4.5002E-38  4.5002E-38  4.5002E-38  4.5002E-38  4.5002E-38  4.5002E-38  1.6238E-01  0.0000E+00  8.2713E-05  4.0915E-35  4.1472E-12  0.0000E+00  1.4561E-04  4.5002E-38
  4.5002E-38  8.3737E-01  4.5002E-38  4.5002E-38  4.5002E-38  4.5002E-38  4.5002E-38  4.5002E-38  1.6238E-01  0.0000E+00  8.2715E-05  3.6825E-36  3.7325E-13  0.0000E+00  1.4561E-04  4.5002E-38
  4.5002E-38  8.3737E-01  4.5002E-38  4.5002E-38  4.5002E-38  4.5002E-38  4.5002E-38  4.5002E-38  1.6238E-01  0.0000E+00  8.2714E-05  4.0917E-37  4.1472E-14  0.0000E+00  1.4561E-04  4.5002E-38
  4.5002E-38  8.3737E-01  4.5002E-38  4.5002E-38  4.5002E-38  4.5002E-38  4.5002E-38  4.5002E-38  1.6238E-01  0.0000E+00  8.2715E-05  4.5002E-38  3.7325E-15  0.0000E+00  1.4561E-04  4.5002E-38
  4.5002E-38  8.3737E-01  4.5002E-38  4.5002E-38  4.5002E-38  4.5002E-38  4.5002E-38  4.5002E-38  1.6238E-01  0.0000E+00  8.2714E-05  4.5002E-38  4.1472E-16  0.0000E+00  1.4561E-04  4.5002E-38
  4.5002E-38  8.3737E-01  4.5002E-38  4.5002E-38  4.5002E-38  4.5002E-38  4.5002E-38  4.5002E-38  1.6238E-01  0.0000E+00  8.2715E-05  4.5002E-38  3.7325E-17  0.0000E+00  1.4561E-04  4.5002E-38
  4.5002E-38  8.3737E-01  4.5002E-38  4.5002E-38  4.5002E-38  4.5002E-38  4.5002E-38  4.5002E-38  1.6238E-01  0.0000E+00  8.2714E-05  4.5002E-38  4.1472E-18  0.0000E+00  1.4562E-04  4.5002E-38
  4.5002E-38  8.3737E-01  4.5002E-38  4.5002E-38  4.5002E-38  4.5002E-38  4.5002E-38  4.5002E-38  1.6238E-01  0.0000E+00  8.2715E-05  4.5002E-38  3.7325E-19  0.0000E+00  1.4561E-04  4.5002E-38
  4.5006E-38  8.3744E-01  4.5006E-38  4.5006E-38  4.5006E-38  4.5006E-38  4.5006E-38  4.5006E-38  1.6239E-01  0.0000E+00  8.2722E-05  4.5006E-38  4.1477E-20  0.0000E+00  5.3338E-05  4.5006E-38
  4.5008E-38  8.3747E-01  4.5008E-38  4.5008E-38  4.5008E-38  4.5008E-38  4.5008E-38  4.5008E-38  1.6240E-01  0.0000E+00  8.2725E-05  4.5008E-38  3.7330E-21  0.0000E+00  1.6002E-05  4.5008E-38
  4.5008E-38  8.3748E-01  4.5008E-38  4.5008E-38  4.5008E-38  4.5008E-38  4.5008E-38  4.5008E-38  1.6240E-01  0.0000E+00  8.2726E-05  4.5008E-38  4.1479E-22  0.0000E+00  5.3341E-06  4.5008E-38
  4.5008E-38  8.3749E-01  4.5008E-38  4.5008E-38  4.5008E-38  4.5008E-38  4.5008E-38  4.5008E-38  1.6240E-01  0.0000E+00  8.2726E-05  4.5008E-38  3.7331E-23  0.0000E+00  1.6002E-06  4.5008E-38
  4.5008E-38  8.3749E-01  4.5008E-38  4.5008E-38  4.5008E-38  4.5008E-38  4.5008E-38  4.5008E-38  1.6240E-01  0.0000E+00  8.2726E-05  4.5008E-38  4.1479E-24  0.0000E+00  5.3341E-07  4.5008E-38
  4.5009E-38  8.3749E-01  4.5009E-38  4.5009E-38  4.5009E-38  4.5009E-38  4.5009E-38  4.5009E-38  1.6240E-01  0.0000E+00  8.2727E-05  4.5009E-38  3.7331E-25  0.0000E+00  1.6002E-07  4.5009E-38
  4.5009E-38  8.3749E-01  4.5009E-38  4.5009E-38  4.5009E-38  4.5009E-38  4.5009E-38  4.5009E-38  1.6240E-01  0.0000E+00  8.2727E-05  4.5009E-38  4.1479E-26  0.0000E+00  5.3341E-08  4.5009E-38
  4.5009E-38  8.3749E-01  4.5009E-38  4.5009E-38  4.5009E-38  4.5009E-38  4.5009E-38  4.5009E-38  1.6240E-01  0.0000E+00  8.2727E-05  4.5009E-38  3.7331E-27  0.0000E+00  1.6002E-08  4.5009E-38
  4.5002E-38  8.3737E-01  4.5002E-38  4.5002E-38  4.5002E-38  4.5002E-38  4.5002E-38  4.5002E-38  1.6238E-01  0.0000E+00  8.2714E-05  4.2061E-32  4.5991E-10  0.0000E+00  1.4562E-04  2.2319E-36
  4.5002E-38  8.3737E-01  4.5002E-38  4.5002E-38  4.5002E-38  4.5002E-38  4.5002E-38  4.5002E-38  1.6238E-01  0.0000E+00  8.2714E-05  4.6734E-33  5.1104E-11  0.0000E+00  1.4561E-04  2.4799E-37
  4.5002E-38  8.3737E-01  4.5002E-38  4.5002E-38  4.5002E-38  4.5002E-38  4.5002E-38  4.5002E-38  1.6238E-01  0.0000E+00  8.2714E-05  4.2059E-34  4.5994E-12  0.0000E+00  1.4561E-04  4.5002E-38
  4.5002E-38  8.3737E-01  4.5002E-38  4.5002E-38  4.5002E-38  4.5002E-38  4.5002E-38  4.5002E-38  1.6238E-01  0.0000E+00  8.2715E-05  4.6733E-35  5.1104E-13  0.0000E+00  1.4561E-04  4.5002E-38
  4.5002E-38  8.3737E-01  4.5002E-38  4.5002E-38  4.5002E-38  4.5002E-38  4.5002E-38  4.5002E-38  1.6238E-01  0.0000E+00  8.2715E-05  4.2060E-36  4.5994E-14  0.0000E+00  1.4561E-04  4.5002E-38
