e- H2 H H+ H- H2- H2+ H3+ He Ar CH4 CO2 N2 O2 H2O CO
  4.5031E-38  8.3722E-01  4.5031E-38  4.5031E-38  4.5031E-38  4.5031E-38  4.5031E-38  4.5031E-38  1.6252E-01  0.0000E+00  2.6179E-04  4.5031E-38  4.5031E-38  0.0000E+00  7.2649E-23  4.5031E-38
  4.5030E-38  8.3722E-01  4.5030E-38  4.5030E-38  4.5030E-38  4.5030E-38  4.5030E-38  4.5030E-38  1.6252E-01  0.0000E+00  2.6179E-04  4.5030E-38  4.5030E-38  0.0000E+00  2.4216E-23  4.5030E-38
  4.5031E-38  8.3722E-01  4.5031E-38  4.5031E-38  4.5031E-38  4.5031E-38  4.5031E-38  4.5031E-38  1.6252E-01  0.0000E+00  2.6179E-04  4.5031E-38  4.5031E-38  0.0000E+00  7.2649E-24  4.5031E-38
  4.5030E-38  8.3722E-01  4.5030E-38  4.5030E-38  4.5030E-38  4.5030E-38  4.5030E-38  4.5030E-38  1.6252E-01  0.0000E+00  2.6179E-04  4.5030E-38  4.5030E-38  0.0000E+00  2.4216E-24  4.5030E-38
  4.5031E-38  8.3722E-01  4.5031E-38  4.5031E-38  4.5031E-38  4.5031E-38  4.5031E-38  4.5031E-38  1.6252E-01  0.0000E+00  2.6179E-04  4.5031E-38  4.5031E-38  0.0000E+00  7.2649E-25  4.5031E-38
  4.5030E-38  8.3722E-01  4.5030E-38  4.5030E-38  4.5030E-38  4.5030E-38  4.5030E-38  4.5030E-38  1.6252E-01  0.0000E+00  2.6179E-04  4.5030E-38  4.5030E-38  0.0000E+00  2.4216E-25  4.5030E-38
  4.5031E-38  8.3722E-01  4.5031E-38  4.5031E-38  4.5031E-38  4.5031E-38  4.5031E-38  4.5031E-38  1.6252E-01  0.0000E+00  2.6179E-04  4.5031E-38  4.5031E-38  0.0000E+00  7.2649E-26  4.5031E-38
  4.5030E-38  8.3722E-01  4.5030E-38  4.5030E-38  4.5030E-38  4.5030E-38  4.5030E-38  4.5030E-38  1.6252E-01  0.0000E+00  2.6179E-04  4.5030E-38  4.5030E-38  0.0000E+00  2.4216E-26  4.5030E-38
  4.5031E-38  8.3722E-01  4.5031E-38  4.5031E-38  4.5031E-38  4.5031E-38  4.5031E-38  4.5031E-38  1.6252E-01  0.0000E+00  2.6179E-04  4.5031E-38  4.5031E-38  0.0000E+00  7.2649E-27  4.5031E-38
  4.5030E-38  8.3722E-01  4.5030E-38  4.5030E-38  4.5030E-38  4.5030E-38  4.5030E-38  4.5030E-38  1.6252E-01  0.0000E+00  2.6179E-04  4.5030E-38  4.5030E-38  0.0000E+00  2.4216E-27  4.5030E-38
  4.5031E-38  8.3722E-01  4.5031E-38  4.5031E-38  4.5031E-38  4.5031E-38  4.5031E-38  4.5031E-38  1.6252E-01  0.0000E+00  2.6179E-04  4.5031E-38  4.5031E-38  0.0000E+00  7.2649E-28  4.5031E-38
  4.5030E-38  8.3722E-01  4.5030E-38  4.5030E-38  4.5030E-38  4.5030E-38  4.5030E-38  4.5030E-38  1.6252E-01  0.0000E+00  2.6179E-04  4.5030E-38  4.5030E-38  0.0000E+00  2.4216E-28  4.5030E-38
  4.5031E-38  8.3722E-01  4.5031E-38  4.5031E-38  4.5031E-38  4.5031E-38  4.5031E-38  4.5031E-38  1.6252E-01  0.0000E+00  2.6179E-04  4.5031E-38  4.5031E-38  0.0000E+00  7.2649E-29  4.5031E-38
  4.5030E-38  8.3722E-01  4.5030E-38  4.5030E-38  4.5030E-38  4.5030E-38  4.5030E-38  4.5030E-38  1.6252E-01  0.0000E+00  2.6179E-04  4.5030E-38  4.5030E-38  0.0000E+00  2.4216E-29  4.5030E-38
  4.5031E-38  8.3722E-01  4.5031E-38  4.5031E-38  4.5031E-38  4.5031E-38  4.5031E-38  4.5031E-38  1.6252E-01  0.0000E+00  2.6179E-04  4.5031E-38  4.5031E-38  0.0000E+00  7.2649E-30  4.5031E-38
  4.5027E-38  8.3715E-01  4.5027E-38  4.5027E-38  4.5027E-38  4.5027E-38  4.5027E-38  4.5027E-38  1.6251E-01  0.0000E+00  2.6177E-04  4.5027E-38  2.6284E-32  0.0000E+00  6.2873E-14  4.5027E-38
  4.5027E-38  8.3715E-01  4.5027E-38  4.5027E-38  4.5027E-38  4.5027E-38  4.5027E-38  4.5027E-38  1.6251E-01  0.0000E+00  2.6177E-04  4.5027E-38  2.9205E-33  0.0000E+00  2.0958E-14  4.5027E-38
  4.5027E-38  8.3715E-01  4.5027E-38  4.5027E-38  4.5027E-38  4.5027E-38  4.5027E-38  4.5027E-38  1.6251E-01  0.0000E+00  2.6177E-04  4.5027E-38  2.6284E-34  0.0000E+00  6.2873E-15  4.5027E-38
  4.5029E-38  8.3719E-01  4.5029E-38  4.5029E-38  4.5029E-38  4.5029E-38  4.5029E-38  4.5029E-38  1.6251E-01  0.0000E+00  2.6178E-04  4.5029E-38  4.5029E-38  0.0000E+00  2.0958E-15  4.5029E-38
  4.5030E-38  8.3721E-01  4.5030E-38  4.5030E-38  4.5030E-38  4.5030E-38  4.5030E-38  4.5030E-38  1.6252E-01  0.0000E+00  2.6178E-04  4.5030E-38  4.5030E-38  0.0000E+00  6.2877E-16  4.5030E-38
  4.5030E-38  8.3722E-01  4.5030E-38  4.5030E-38  4.5030E-38  4.5030E-38  4.5030E-38  4.5030E-38  1.6252E-01  0.0000E+00  2.6179E-04  4.5030E-38  4.5030E-38  0.0000E+00  2.0959E-16  4.5030E-38
  4.5030E-38  8.3722E-01  4.5030E-38  4.5030E-38  4.5030E-38  4.5030E-38  4.5030E-38  4.5030E-38  1.6252E-01  0.0000E+00  2.6179E-04  4.5030E-38  4.5030E-38  0.0000E+00  6.2877E-17  4.5030E-38
  4.5031E-38  8.3722E-01  4.5031E-38  4.5031E-38  4.5031E-38  4.5031E-38  4.5031E-38  4.5031E-38  1.6252E-01  0.0000E+00  2.6179E-04  4.5031E-38  4.5031E-38  0.0000E+00  2.0959E-17  4.5031E-38
  4.5030E-38  8.3722E-01  4.5030E-38  4.5030E-38  4.5030E-38  4.5030E-38  4.5030E-38  4.5030E-38  1.6252E-01  0.0000E+00  2.6179E-04  4.5030E-38  4.5030E-38  0.0000E+00  6.2878E-18  4.5030E-38
  4.5031E-38  8.3722E-01  4.5031E-38  4.5031E-38  4.5031E-38  4.5031E-38  4.5031E-38  4.5031E-38  1.6252E-01  0.0000E+00  2.6179E-04  4.5031E-38  4.5031E-38  0.0000E+00  2.0959E-18  4.5031E-38
  4.5030E-38  8.3722E-01  4.5030E-38  4.5030E-38  4.5030E-38  4.5030E-38  4.5030E-38  4.5030E-38  1.6252E-01  0.0000E+00  2.6179E-04  4.5030E-38  4.5030E-38  0.0000E+00  6.2878E-19  4.5030E-38
  4.5031E-38  8.3722E-01  4.5031E-38  4.5031E-38  4.5031E-38  4.5031E-38  4.5031E-38  4.5031E-38  1.6252E-01  0.0000E+00  2.6179E-04  4.5031E-38  4.5031E-38  0.0000E+00  2.0959E-19  4.5031E-38
  4.5030E-38  8.3722E-01  4.5030E-38  4.5030E-38  4.5030E-38  4.5030E-38  4.5030E-38  4.5030E-38  1.6252E-01  0.0000E+00  2.6179E-04  4.5030E-38  4.5030E-38  0.0000E+00  6.2878E-20  4.5030E-38
  4.5031E-38  8.3722E-01  4.5031E-38  4.5031E-38  4.5031E-38  4.5031E-38  4.5031E-38  4.5031E-38  1.6252E-01  0.0000E+00  2.6179E-04  4.5031E-38  4.5031E-38  0.0000E+00  2.0959E-20  4.5031E-38
  4.5030E-38  8.3722E-01  4.5030E-38  4.5030E-38  4.5030E-38  4.5030E-38  4.5030E-38  4.5030E-38  1.6252E-01  0.0000E+00  2.6179E-04  4.5030E-38  4.5030E-38  0.0000E+00  6.2878E-21  4.5030E-38
  4.5031E-38  8.3722E-01  4.5031E-38  4.5031E-38  4.5031E-38  4.5031E-38  4.5031E-38  4.5031E-38  1.6252E-01  0.0000E+00  2.6179E-04  4.5031E-38  4.5031E-38  0.0000E+00  2.0959E-21  4.5031E-38
  4.5027E-38  8.3715E-01  4.5027E-38  4.5027E-38  4.5027E-38  4.5027E-38  4.5027E-38  4.5027E-38  1.6251E-01  0.0000E+00  2.6177E-04  4.5027E-38  2.3689E-28  0.0000E+00  1.7214E-11  4.5027E-38
  4.5027E-38  8.3715E-01  4.5027E-38  4.5027E-38  4.5027E-38  4.5027E-38  4.5027E-38  4.5027E-38  1.6251E-01  0.0000E+00  2.6177E-04  4.5027E-38  2.6322E-29  0.0000E+00  5.7383E-12  4.5027E-38
  4.5027E-38  8.3715E-01  4.5027E-38  4.5027E-38  4.5027E-38  4.5027E-38  4.5027E-38  4.5027E-38  1.6251E-01  0.0000E+00  2.6177E-04  4.5027E-38  2.3689E-30  0.0000E+00  1.7214E-12  4.5027E-38
  4.5027E-38  8.3715E-01  4.5027E-38  4.5027E-38  4.5027E-38  4.5027E-38  4.5027E-38  4.5027E-38  1.6251E-01  0.0000E+00  2.6177E-04  4.5027E-38  2.6322E-31  0.0000E+00  5.7383E-13  4.5027E-38
  4.5027E-38  8.3715E-01  4.5027E-38  4.5027E-38  4.5027E-38  4.5027E-38  4.5027E-38  4.5027E-38  1.6251E-01  0.0000E+00  2.6177E-04  4.5027E-38  2.3689E-32  0.0000E+00  1.7214E-13  4.5027E-38
  4.5027E-38  8.3715E-01  4.5027E-38  4.5027E-38  4.5027E-38  4.5027E-38  4.5027E-38  4.5027E-38  1.6251E-01  0.0000E+00  2.6177E-04  4.5027E-38  2.6322E-33  0.0000E+00  5.7383E-14  4.5027E-38
  4.5029E-38  8.3719E-01  4.5029E-38  4.5029E-38  4.5029E-38  4.5029E-38  4.5029E-38  4.5029E-38  1.6252E-01  0.0000E+00  2.6178E-04  4.5029E-38  6.3231E-37  0.0000E+00  1.7215E-14  4.5029E-38
  4.5030E-38  8.3721E-01  4.5030E-38  4.5030E-38  4.5030E-38  4.5030E-38  4.5030E-38  4.5030E-38  1.6252E-01  0.0000E+00  2.6179E-04  4.5030E-38  4.5030E-38  0.0000E+00  5.7386E-15  4.5030E-38
  4.5030E-38  8.3722E-01  4.5030E-38  4.5030E-38  4.5030E-38  4.5030E-38  4.5030E-38  4.5030E-38  1.6252E-01  0.0000E+00  2.6179E-04  4.5030E-38  4.5030E-38  0.0000E+00  1.7216E-15  4.5030E-38
  4.5031E-38  8.3722E-01  4.5031E-38  4.5031E-38  4.5031E-38  4.5031E-38  4.5031E-38  4.5031E-38  1.6252E-01  0.0000E+00  2.6179E-04  4.5031E-38  4.5031E-38  0.0000E+00  5.7387E-16  4.5031E-38
  4.5031E-38  8.3722E-01  4.5031E-38  4.5031E-38  4.5031E-38  4.5031E-38  4.5031E-38  4.5031E-38  1.6252E-01  0.0000E+00  2.6179E-04  4.5031E-38  4.5031E-38  0.0000E+00  1.7216E-16  4.5031E-38
  4.5031E-38  8.3722E-01  4.5031E-38  4.5031E-38  4.5031E-38  4.5031E-38  4.5031E-38  4.5031E-38  1.6252E-01  0.0000E+00  2.6179E-04  4.5031E-38  4.5031E-38  0.0000E+00  5.7387E-17  4.5031E-38
  4.5031E-38  8.3722E-01  4.5031E-38  4.5031E-38  4.5031E-38  4.5031E-38  4.5031E-38  4.5031E-38  1.6252E-01  0.0000E+00  2.6179E-04  4.5031E-38  4.5031E-38  0.0000E+00  1.7216E-17  4.5031E-38
  4.5031E-38  8.3722E-01  4.5031E-38  4.5031E-38  4.5031E-38  4.5031E-38  4.5031E-38  4.5031E-38  1.6252E-01  0.0000E+00  2.6179E-04  4.5031E-38  4.5031E-38  0.0000E+00  5.7387E-18  4.5031E-38
  4.5031E-38  8.3722E-01  4.5031E-38  4.5031E-38  4.5031E-38  4.5031E-38  4.5031E-38  4.5031E-38  1.6252E-01  0.0000E+00  2.6179E-04  4.5031E-38  4.5031E-38  0.0000E+00  1.7216E-18  4.5031E-38
  4.5031E-38  8.3722E-01  4.5031E-38  4.5031E-38  4.5031E-38  4.5031E-38  4.5031E-38  4.5031E-38  1.6252E-01  0.0000E+00  2.6179E-04  4.5031E-38  4.5031E-38  0.0000E+00  5.7387E-19  4.5031E-38
  4.5031E-38  8.3722E-01  4.5031E-38  4.5031E-38  4.5031E-38  4.5031E-38  4.5031E-38  4.5031E-38  1.6252E-01  0.0000E+00  2.6179E-04  4.5031E-38  4.5031E-38  0.0000E+00  1.7216E-19  4.5031E-38
  4.5027E-38  8.3715E-01  4.5027E-38  4.5027E-38  4.5027E-38  4.5027E-38  4.5027E-38  4.5027E-38  1.6251E-01  0.0000E+00  2.6177E-04  4.5027E-38  4.9043E-25  0.0000E+00  1.8497E-09  4.5027E-38
  4.5027E-38  8.3715E-01  4.5027E-38  4.5027E-38  4.5027E-38  4.5027E-38  4.5027E-38  4.5027E-38  1.6251E-01  0.0000E+00  2.6177E-04  4.5027E-38  5.4492E-26  0.0000E+00  6.1656E-10  4.5027E-38
  4.5027E-38  8.3715E-01  4.5027E-38  4.5027E-38  4.5027E-38  4.5027E-38  4.5027E-38  4.5027E-38  1.6251E-01  0.0000E+00  2.6177E-04  4.5027E-38  4.9043E-27  0.0000E+00  1.8497E-10  4.5027E-38
  4.5027E-38  8.3715E-01  4.5027E-38  4.5027E-38  4.5027E-38  4.5027E-38  4.5027E-38  4.5027E-38  1.6251E-01  0.0000E+00  2.6177E-04  4.5027E-38  5.4492E-28  0.0000E+00  6.1656E-11  4.5027E-38
  4.5027E-38  8.3715E-01  4.5027E-38  4.5027E-38  4.5027E-38  4.5027E-38  4.5027E-38  4.5027E-38  1.6251E-01  0.0000E+00  2.6177E-04  4.5027E-38  4.9043E-29  0.0000E+00  1.8497E-11  4.5027E-38
  4.5027E-38  8.3715E-01  4.5027E-38  4.5027E-38  4.5027E-38  4.5027E-38  4.5027E-38  4.5027E-38  1.6251E-01  0.0000E+00  2.6177E-04  4.5027E-38  5.4492E-30  0.0000E+00  6.1656E-12  4.5027E-38
  4.5027E-38  8.3715E-01  4.5027E-38  4.5027E-38  4.5027E-38  4.5027E-38  4.5027E-38  4.5027E-38  1.6251E-01  0.0000E+00  2.6177E-04  4.5027E-38  4.9043E-31  0.0000E+00  1.8497E-12  4.5027E-38
  4.5027E-38  8.3715E-01  4.5027E-38  4.5027E-38  4.5027E-38  4.5027E-38  4.5027E-38  4.5027E-38  1.6251E-01  0.0000E+00  2.6177E-04  4.5027E-38  5.4492E-32  0.0000E+00  6.1656E-13  4.5027E-38
  4.5028E-38  8.3718E-01  4.5028E-38  4.5028E-38  4.5028E-38  4.5028E-38  4.5028E-38  4.5028E-38  1.6251E-01  0.0000E+00  2.6178E-04  4.5028E-38  7.3054E-35  0.0000E+00  1.8498E-13  4.5028E-38
  4.5030E-38  8.3720E-01  4.5030E-38  4.5030E-38  4.5030E-38  4.5030E-38  4.5030E-38  4.5030E-38  1.6252E-01  0.0000E+00  2.6178E-04  4.5030E-38  9.0194E-37  0.0000E+00  6.1660E-14  4.5030E-38
  4.5030E-38  8.3721E-01  4.5030E-38  4.5030E-38  4.5030E-38  4.5030E-38  4.5030E-38  4.5030E-38  1.6252E-01  0.0000E+00  2.6179E-04  4.5030E-38  4.5030E-38  0.0000E+00  1.8498E-14  4.5030E-38
  4.5030E-38  8.3722E-01  4.5030E-38  4.5030E-38  4.5030E-38  4.5030E-38  4.5030E-38  4.5030E-38  1.6252E-01  0.0000E+00  2.6179E-04  4.5030E-38  4.5030E-38  0.0000E+00  6.1661E-15  4.5030E-38
  4.5031E-38  8.3722E-01  4.5031E-38  4.5031E-38  4.5031E-38  4.5031E-38  4.5031E-38  4.5031E-38  1.6252E-01  0.0000E+00  2.6179E-04  4.5031E-38  4.5031E-38  0.0000E+00  1.8499E-15  4.5031E-38
  4.5030E-38  8.3722E-01  4.5030E-38  4.5030E-38  4.5030E-38  4.5030E-38  4.5030E-38  4.5030E-38  1.6252E-01  0.0000E+00  2.6179E-04  4.5030E-38  4.5030E-38  0.0000E+00  6.1661E-16  4.5030E-38
  4.5031E-38  8.3722E-01  4.5031E-38  4.5031E-38  4.5031E-38  4.5031E-38  4.5031E-38  4.5031E-38  1.6252E-01  0.0000E+00  2.6179E-04  4.5031E-38  4.5031E-38  0.0000E+00  1.8499E-16  4.5031E-38
  4.5030E-38  8.3722E-01  4.5030E-38  4.5030E-38  4.5030E-38  4.5030E-38  4.5030E-38  4.5030E-38  1.6252E-01  0.0000E+00  2.6179E-04  4.5030E-38  4.5030E-38  0.0000E+00  6.1661E-17  4.5030E-38
  4.5031E-38  8.3722E-01  4.5031E-38  4.5031E-38  4.5031E-38  4.5031E-38  4.5031E-38  4.5031E-38  1.6252E-01  0.0000E+00  2.6179E-04  4.5031E-38  4.5031E-38  0.0000E+00  1.8499E-17  4.5031E-38
  4.5027E-38  8.3714E-01  4.5027E-38  4.5027E-38  4.5027E-38  4.5027E-38  4.5027E-38  4.5027E-38  1.6251E-01  0.0000E+00  2.6176E-04  4.5027E-38  3.2506E-22  0.0000E+00  9.6782E-08  4.5027E-38
  4.5027E-38  8.3715E-01  4.5027E-38  4.5027E-38  4.5027E-38  4.5027E-38  4.5027E-38  4.5027E-38  1.6251E-01  0.0000E+00  2.6177E-04  4.5027E-38  3.6119E-23  0.0000E+00  3.2261E-08  4.5027E-38
  4.5027E-38  8.3715E-01  4.5027E-38  4.5027E-38  4.5027E-38  4.5027E-38  4.5027E-38  4.5027E-38  1.6251E-01  0.0000E+00  2.6177E-04  4.5027E-38  3.2507E-24  0.0000E+00  9.6783E-09  4.5027E-38
  4.5027E-38  8.3715E-01  4.5027E-38  4.5027E-38  4.5027E-38  4.5027E-38  4.5027E-38  4.5027E-38  1.6251E-01  0.0000E+00  2.6177E-04  4.5027E-38  3.6119E-25  0.0000E+00  3.2261E-09  4.5027E-38
  4.5027E-38  8.3715E-01  4.5027E-38  4.5027E-38  4.5027E-38  4.5027E-38  4.5027E-38  4.5027E-38  1.6251E-01  0.0000E+00  2.6177E-04  4.5027E-38  3.2507E-26  0.0000E+00  9.6783E-10  4.5027E-38
  4.5027E-38  8.3715E-01  4.5027E-38  4.5027E-38  4.5027E-38  4.5027E-38  4.5027E-38  4.5027E-38  1.6251E-01  0.0000E+00  2.6177E-04  4.5027E-38  3.6119E-27  0.0000E+00  3.2261E-10  4.5027E-38
  4.5027E-38  8.3715E-01  4.5027E-38  4.5027E-38  4.5027E-38  4.5027E-38  4.5027E-38  4.5027E-38  1.6251E-01  0.0000E+00  2.6177E-04  4.5027E-38  3.2507E-28  0.0000E+00  9.6783E-11  4.5027E-38
  4.5027E-38  8.3715E-01  4.5027E-38  4.5027E-38  4.5027E-38  4.5027E-38  4.5027E-38  4.5027E-38  1.6251E-01  0.0000E+00  2.6177E-04  4.5027E-38  3.6119E-29  0.0000E+00  3.2261E-11  4.5027E-38
  4.5027E-38  8.3715E-01  4.5027E-38  4.5027E-38  4.5027E-38  4.5027E-38  4.5027E-38  4.5027E-38  1.6251E-01  0.0000E+00  2.6177E-04  4.5027E-38  3.2507E-30  0.0000E+00  9.6783E-12  4.5027E-38
  4.5027E-38  8.3715E-01  4.5027E-38  4.5027E-38  4.5027E-38  4.5027E-38  4.5027E-38  4.5027E-38  1.6251E-01  0.0000E+00  2.6177E-04  4.5027E-38  3.6119E-31  0.0000E+00  3.2261E-12  4.5027E-38
  4.5028E-38  8.3718E-01  4.5028E-38  4.5028E-38  4.5028E-38  4.5028E-38  4.5028E-38  4.5028E-38  1.6251E-01  0.0000E+00  2.6178E-04  4.5028E-38  9.8548E-34  0.0000E+00  9.6786E-13  4.5028E-38
  4.5030E-38  8.3720E-01  4.5030E-38  4.5030E-38  4.5030E-38  4.5030E-38  4.5030E-38  4.5030E-38  1.6252E-01  0.0000E+00  2.6178E-04  4.5030E-38  1.2167E-35  0.0000E+00  3.2263E-13  4.5030E-38
  4.5030E-38  8.3721E-01  4.5030E-38  4.5030E-38  4.5030E-38  4.5030E-38  4.5030E-38  4.5030E-38  1.6252E-01  0.0000E+00  2.6179E-04  4.5030E-38  9.8552E-38  0.0000E+00  9.6790E-14  4.5030E-38
  4.5031E-38  8.3722E-01  4.5031E-38  4.5031E-38  4.5031E-38  4.5031E-38  4.5031E-38  4.5031E-38  1.6252E-01  0.0000E+00  2.6179E-04  4.5031E-38  4.5031E-38  0.0000E+00  3.2264E-14  4.5031E-38
  4.5031E-38  8.3722E-01  4.5031E-38  4.5031E-38  4.5031E-38  4.5031E-38  4.5031E-38  4.5031E-38  1.6252E-01  0.0000E+00  2.6179E-04  4.5031E-38  4.5031E-38  0.0000E+00  9.6791E-15  4.5031E-38
  4.5031E-38  8.3722E-01  4.5031E-38  4.5031E-38  4.5031E-38  4.5031E-38  4.5031E-38  4.5031E-38  1.6252E-01  0.0000E+00  2.6179E-04  4.5031E-38  4.5031E-38  0.0000E+00  3.2264E-15  4.5031E-38
  4.5031E-38  8.3722E-01  4.5031E-38  4.5031E-38  4.5031E-38  4.5031E-38  4.5031E-38  4.5031E-38  1.6252E-01  0.0000E+00  2.6179E-04  4.5031E-38  4.5031E-38  0.0000E+00  9.6791E-16  4.5031E-38
  4.5026E-38  8.3714E-01  4.5026E-38  4.5026E-38  4.5026E-38  4.5026E-38  4.5026E-38  4.5026E-38  1.6250E-01  0.0000E+00  2.6176E-04  4.5026E-38  8.7675E-20  0.0000E+00  2.8772E-06  4.5026E-38
  4.5026E-38  8.3714E-01  4.5026E-38  4.5026E-38  4.5026E-38  4.5026E-38  4.5026E-38  4.5026E-38  1.6251E-01  0.0000E+00  2.6176E-04  4.5026E-38  9.7417E-21  0.0000E+00  9.5906E-07  4.5026E-38
  4.5026E-38  8.3714E-01  4.5026E-38  4.5026E-38  4.5026E-38  4.5026E-38  4.5026E-38  4.5026E-38  1.6251E-01  0.0000E+00  2.6176E-04  4.5026E-38  8.7675E-22  0.0000E+00  2.8772E-07  4.5026E-38
  4.5027E-38  8.3715E-01  4.5027E-38  4.5027E-38  4.5027E-38  4.5027E-38  4.5027E-38  4.5027E-38  1.6251E-01  0.0000E+00  2.6176E-04  4.5027E-38  9.7418E-23  0.0000E+00  9.5907E-08  4.5027E-38
  4.5027E-38  8.3715E-01  4.5027E-38  4.5027E-38  4.5027E-38  4.5027E-38  4.5027E-38  4.5027E-38  1.6251E-01  0.0000E+00  2.6177E-04  4.5027E-38  8.7676E-24  0.0000E+00  2.8772E-08  4.5027E-38
  4.5027E-38  8.3715E-01  4.5027E-38  4.5027E-38  4.5027E-38  4.5027E-38  4.5027E-38  4.5027E-38  1.6251E-01  0.0000E+00  2.6177E-04  4.5027E-38  9.7419E-25  0.0000E+00  9.5908E-09  4.5027E-38
  4.5027E-38  8.3715E-01  4.5027E-38  4.5027E-38  4.5027E-38  4.5027E-38  4.5027E-38  4.5027E-38  1.6251E-01  0.0000E+00  2.6177E-04  4.5027E-38  8.7677E-26  0.0000E+00  2.8772E-09  4.5027E-38
  4.5027E-38  8.3715E-01  4.5027E-38  4.5027E-38  4.5027E-38  4.5027E-38  4.5027E-38  4.5027E-38  1.6251E-01  0.0000E+00  2.6177E-04  4.5027E-38  9.7419E-27  0.0000E+00  9.5908E-10  4.5027E-38
  4.5027E-38  8.3715E-01  4.5027E-38  4.5027E-38  4.5027E-38  4.5027E-38  4.5027E-38  4.5027E-38  1.6251E-01  0.0000E+00  2.6177E-04  4.5027E-38  8.7677E-28  0.0000E+00  2.8772E-10  4.5027E-38
  4.5027E-38  8.3715E-01  4.5027E-38  4.5027E-38  4.5027E-38  4.5027E-38  4.5027E-38  4.5027E-38  1.6251E-01  0.0000E+00  2.6177E-04  4.5027E-38  9.7419E-29  0.0000E+00  9.5908E-11  4.5027E-38
  4.5027E-38  8.3715E-01  4.5027E-38  4.5027E-38  4.5027E-38  4.5027E-38  4.5027E-38  4.5027E-38  1.6251E-01  0.0000E+00  2.6177E-04  4.5027E-38  8.7677E-30  0.0000E+00  2.8772E-11  4.5027E-38
  4.5027E-38  8.3715E-01  4.5027E-38  4.5027E-38  4.5027E-38  4.5027E-38  4.5027E-38  4.5027E-38  1.6251E-01  0.0000E+00  2.6177E-04  4.5027E-38  9.7419E-31  0.0000E+00  9.5908E-12  4.5027E-38
  4.5029E-38  8.3719E-01  4.5029E-38  4.5029E-38  4.5029E-38  4.5029E-38  4.5029E-38  4.5029E-38  1.6251E-01  0.0000E+00  2.6178E-04  4.5029E-38  2.4592E-33  0.0000E+00  2.8773E-12  4.5029E-38
  4.5030E-38  8.3721E-01  4.5030E-38  4.5030E-38  4.5030E-38  4.5030E-38  4.5030E-38  4.5030E-38  1.6252E-01  0.0000E+00  2.6178E-04  4.5030E-38  3.0361E-35  0.0000E+00  9.5914E-13  4.5030E-38
  4.5030E-38  8.3721E-01  4.5030E-38  4.5030E-38  4.5030E-38  4.5030E-38  4.5030E-38  4.5030E-38  1.6252E-01  0.0000E+00  2.6179E-04  4.5030E-38  2.4593E-37  0.0000E+00  2.8774E-13  4.5030E-38
  4.5031E-38  8.3722E-01  4.5031E-38  4.5031E-38  4.5031E-38  4.5031E-38  4.5031E-38  4.5031E-38  1.6252E-01  0.0000E+00  2.6179E-04  4.5031E-38  4.5031E-38  0.0000E+00  9.5915E-14  4.5031E-38
  4.5030E-38  8.3722E-01  4.5030E-38  4.5030E-38  4.5030E-38  4.5030E-38  4.5030E-38  4.5030E-38  1.6252E-01  0.0000E+00  2.6179E-04  4.5030E-38  4.5030E-38  0.0000E+00  2.8774E-14  4.5030E-38
  4.5024E-38  8.3710E-01  4.5024E-38  4.5024E-38  4.5024E-38  4.5024E-38  4.5024E-38  4.5024E-38  1.6250E-01  0.0000E+00  2.6175E-04  4.5024E-38  1.1488E-17  0.0000E+00  5.4413E-05  4.5024E-38
  4.5026E-38  8.3713E-01  4.5026E-38  4.5026E-38  4.5026E-38  4.5026E-38  4.5026E-38  4.5026E-38  1.6250E-01  0.0000E+00  2.6176E-04  4.5026E-38  1.2764E-18  0.0000E+00  1.8138E-05  4.5026E-38
  4.5026E-38  8.3714E-01  4.5026E-38  4.5026E-38  4.5026E-38  4.5026E-38  4.5026E-38  4.5026E-38  1.6250E-01  0.0000E+00  2.6176E-04  4.5026E-38  1.1489E-19  0.0000E+00  5.4416E-06  4.5026E-38
  4.5026E-38  8.3714E-01  4.5026E-38  4.5026E-38  4.5026E-38  4.5026E-38  4.5026E-38  4.5026E-38  1.6251E-01  0.0000E+00  2.6176E-04  4.5026E-38  1.2764E-20  0.0000E+00  1.8139E-06  4.5026E-38
  4.5026E-38  8.3714E-01  4.5026E-38  4.5026E-38  4.5026E-38  4.5026E-38  4.5026E-38  4.5026E-38  1.6251E-01  0.0000E+00  2.6176E-04  4.5026E-38  1.1489E-21  0.0000E+00  5.4416E-07  4.5026E-38
  4.5026E-38  8.3714E-01  4.5026E-38  4.5026E-38  4.5026E-38  4.5026E-38  4.5026E-38  4.5026E-38  1.6251E-01  0.0000E+00  2.6176E-04  4.5026E-38  1.2765E-22  0.0000E+00  1.8139E-07  4.5026E-38
  4.5027E-38  8.3715E-01  4.5027E-38  4.5027E-38  4.5027E-38  4.5027E-38  4.5027E-38  4.5027E-38  1.6251E-01  0.0000E+00  2.6177E-04  4.5027E-38  1.1489E-23  0.0000E+00  5.4417E-08  4.5027E-38
  4.5027E-38  8.3715E-01  4.5027E-38  4.5027E-38  4.5027E-38  4.5027E-38  4.5027E-38  4.5027E-38  1.6251E-01  0.0000E+00  2.6177E-04  4.5027E-38  1.2765E-24  0.0000E+00  1.8139E-08  4.5027E-38
  4.5027E-38  8.3715E-01  4.5027E-38  4.5027E-38  4.5027E-38  4.5027E-38  4.5027E-38  4.5027E-38  1.6251E-01  0.0000E+00  2.6177E-04  4.5027E-38  1.1489E-25  0.0000E+00  5.4417E-09  4.5027E-38
  4.5027E-38  8.3715E-01  4.5027E-38  4.5027E-38  4.5027E-38  4.5027E-38  4.5027E-38  4.5027E-38  1.6251E-01  0.0000E+00  2.6177E-04  4.5027E-38  1.2765E-26  0.0000E+00  1.8139E-09  4.5027E-38
  4.5027E-38  8.3715E-01  4.5027E-38  4.5027E-38  4.5027E-38  4.5027E-38  4.5027E-38  4.5027E-38  1.6251E-01  0.0000E+00  2.6177E-04  4.5027E-38  1.1489E-27  0.0000E+00  5.4417E-10  4.5027E-38
  4.5027E-38  8.3715E-01  4.5027E-38  4.5027E-38  4.5027E-38  4.5027E-38  4.5027E-38  4.5027E-38  1.6251E-01  0.0000E+00  2.6177E-04  4.5027E-38  1.2765E-28  0.0000E+00  1.8139E-10  4.5027E-38
  4.5027E-38  8.3715E-01  4.5027E-38  4.5027E-38  4.5027E-38  4.5027E-38  4.5027E-38  4.5027E-38  1.6251E-01  0.0000E+00  2.6177E-04  4.5027E-38  1.1489E-29  0.0000E+00  5.4417E-11  4.5027E-38
  4.5027E-38  8.3716E-01  4.5027E-38  4.5027E-38  4.5027E-38  4.5027E-38  4.5027E-38  4.5027E-38  1.6251E-01  0.0000E+00  2.6177E-04  4.5027E-38  1.9641E-31  0.0000E+00  1.8139E-11  4.5027E-38
  4.5030E-38  8.3720E-01  4.5030E-38  4.5030E-38  4.5030E-38  4.5030E-38  4.5030E-38  4.5030E-38  1.6252E-01  0.0000E+00  2.6178E-04  4.5030E-38  1.5909E-33  0.0000E+00  5.4420E-12  4.5030E-38
  4.5030E-38  8.3721E-01  4.5030E-38  4.5030E-38  4.5030E-38  4.5030E-38  4.5030E-38  4.5030E-38  1.6252E-01  0.0000E+00  2.6179E-04  4.5030E-38  1.9642E-35  0.0000E+00  1.8140E-12  4.5030E-38
  4.5030E-38  8.3722E-01  4.5030E-38  4.5030E-38  4.5030E-38  4.5030E-38  4.5030E-38  4.5030E-38  1.6252E-01  0.0000E+00  2.6179E-04  4.5030E-38  1.5910E-37  0.0000E+00  5.4421E-13  4.5030E-38
  4.5005E-38  8.3677E-01  4.5005E-38  4.5005E-38  4.5005E-38  4.5005E-38  4.5005E-38  4.5005E-38  1.6242E-01  0.0000E+00  2.6164E-04  4.5005E-38  8.3543E-16  0.0000E+00  4.6058E-04  4.5005E-38
  4.5015E-38  8.3695E-01  4.5015E-38  4.5015E-38  4.5015E-38  4.5015E-38  4.5015E-38  4.5015E-38  1.6246E-01  0.0000E+00  2.6170E-04  4.5015E-38  9.2847E-17  0.0000E+00  2.3749E-04  4.5015E-38
  4.5023E-38  8.3709E-01  4.5023E-38  4.5023E-38  4.5023E-38  4.5023E-38  4.5023E-38  4.5023E-38  1.6248E-01  0.0000E+00  2.6174E-04  4.5023E-38  8.3578E-18  0.0000E+00  7.1261E-05  4.5023E-38
  4.5025E-38  8.3712E-01  4.5025E-38  4.5025E-38  4.5025E-38  4.5025E-38  4.5025E-38  4.5025E-38  1.6250E-01  0.0000E+00  2.6176E-04  4.5025E-38  9.2871E-19  0.0000E+00  2.3754E-05  4.5025E-38
  4.5026E-38  8.3714E-01  4.5026E-38  4.5026E-38  4.5026E-38  4.5026E-38  4.5026E-38  4.5026E-38  1.6250E-01  0.0000E+00  2.6176E-04  4.5026E-38  8.3587E-20  0.0000E+00  7.1265E-06  4.5026E-38
  4.5026E-38  8.3714E-01  4.5026E-38  4.5026E-38  4.5026E-38  4.5026E-38  4.5026E-38  4.5026E-38  1.6251E-01  0.0000E+00  2.6176E-04  4.5026E-38  9.2875E-21  0.0000E+00  2.3755E-06  4.5026E-38
  4.5026E-38  8.3714E-01  4.5026E-38  4.5026E-38  4.5026E-38  4.5026E-38  4.5026E-38  4.5026E-38  1.6251E-01  0.0000E+00  2.6176E-04  4.5026E-38  8.3588E-22  0.0000E+00  7.1266E-07  4.5026E-38
  4.5027E-38  8.3714E-01  4.5027E-38  4.5027E-38  4.5027E-38  4.5027E-38  4.5027E-38  4.5027E-38  1.6251E-01  0.0000E+00  2.6176E-04  4.5027E-38  9.2876E-23  0.0000E+00  2.3755E-07  4.5027E-38
  4.5027E-38  8.3715E-01  4.5027E-38  4.5027E-38  4.5027E-38  4.5027E-38  4.5027E-38  4.5027E-38  1.6251E-01  0.0000E+00  2.6177E-04  4.5027E-38  8.3589E-24  0.0000E+00  7.1267E-08  4.5027E-38
  4.5027E-38  8.3715E-01  4.5027E-38  4.5027E-38  4.5027E-38  4.5027E-38  4.5027E-38  4.5027E-38  1.6251E-01  0.0000E+00  2.6177E-04  4.5027E-38  9.2877E-25  0.0000E+00  2.3755E-08  4.5027E-38
  4.5027E-38  8.3715E-01  4.5027E-38  4.5027E-38  4.5027E-38  4.5027E-38  4.5027E-38  4.5027E-38  1.6251E-01  0.0000E+00  2.6177E-04  4.5027E-38  8.3589E-26  0.0000E+00  7.1267E-09  4.5027E-38
  4.5027E-38  8.3715E-01  4.5027E-38  4.5027E-38  4.5027E-38  4.5027E-38  4.5027E-38  4.5027E-38  1.6251E-01  0.0000E+00  2.6177E-04  4.5027E-38  9.2877E-27  0.0000E+00  2.3755E-09  4.5027E-38
  4.5027E-38  8.3715E-01  4.5027E-38  4.5027E-38  4.5027E-38  4.5027E-38  4.5027E-38  4.5027E-38  1.6251E-01  0.0000E+00  2.6177E-04  4.5027E-38  8.3589E-28  0.0000E+00  7.1267E-10  4.5027E-38
  4.5027E-38  8.3715E-01  4.5027E-38  4.5027E-38  4.5027E-38  4.5027E-38  4.5027E-38  4.5027E-38  1.6251E-01  0.0000E+00  2.6177E-04  4.5027E-38  9.2877E-29  0.0000E+00  2.3755E-10  4.5027E-38
  4.5027E-38  8.3715E-01  4.5027E-38  4.5027E-38  4.5027E-38  4.5027E-38  4.5027E-38  4.5027E-38  1.6251E-01  0.0000E+00  2.6177E-04  4.5027E-38  8.3589E-30  0.0000E+00  7.1267E-11  4.5027E-38
  4.5029E-38  8.3719E-01  4.5029E-38  4.5029E-38  4.5029E-38  4.5029E-38  4.5029E-38  4.5029E-38  1.6252E-01  0.0000E+00  2.6178E-04  4.5029E-38  4.2429E-32  0.0000E+00  2.3756E-11  4.5029E-38
  4.5030E-38  8.3721E-01  4.5030E-38  4.5030E-38  4.5030E-38  4.5030E-38  4.5030E-38  4.5030E-38  1.6252E-01  0.0000E+00  2.6178E-04  4.5030E-38  3.4369E-34  0.0000E+00  7.1272E-12  4.5030E-38
  4.5005E-38  8.3677E-01  4.5005E-38  4.5005E-38  4.5005E-38  4.5005E-38  4.5005E-38  4.5005E-38  1.6242E-01  0.0000E+00  2.6164E-04  4.5005E-38  3.7399E-14  0.0000E+00  4.6059E-04  4.5005E-38
  4.5005E-38  8.3677E-01  4.5005E-38  4.5005E-38  4.5005E-38  4.5005E-38  4.5005E-38  4.5005E-38  1.6242E-01  0.0000E+00  2.6164E-04  4.5005E-38  4.1554E-15  0.0000E+00  4.6058E-04  4.5005E-38
  4.5005E-38  8.3677E-01  4.5005E-38  4.5005E-38  4.5005E-38  4.5005E-38  4.5005E-38  4.5005E-38  1.6242E-01  0.0000E+00  2.6164E-04  4.5005E-38  3.7399E-16  0.0000E+00  4.6058E-04  4.5005E-38
  4.5016E-38  8.3696E-01  4.5016E-38  4.5016E-38  4.5016E-38  4.5016E-38  4.5016E-38  4.5016E-38  1.6246E-01  0.0000E+00  2.6170E-04  4.5016E-38  4.1564E-17  0.0000E+00  2.2982E-04  4.5016E-38
  4.5023E-38  8.3710E-01  4.5023E-38  4.5023E-38  4.5023E-38  4.5023E-38  4.5023E-38  4.5023E-38  1.6248E-01  0.0000E+00  2.6174E-04  4.5023E-38  3.7414E-18  0.0000E+00  6.8956E-05  4.5023E-38
  4.5025E-38  8.3713E-01  4.5025E-38  4.5025E-38  4.5025E-38  4.5025E-38  4.5025E-38  4.5025E-38  1.6249E-01  0.0000E+00  2.6176E-04  4.5025E-38  4.1573E-19  0.0000E+00  2.2987E-05  4.5025E-38
  4.5026E-38  8.3715E-01  4.5026E-38  4.5026E-38  4.5026E-38  4.5026E-38  4.5026E-38  4.5026E-38  1.6249E-01  0.0000E+00  2.6176E-04  4.5026E-38  3.7418E-20  0.0000E+00  6.8961E-06  4.5026E-38
  4.5026E-38  8.3714E-01  4.5026E-38  4.5026E-38  4.5026E-38  4.5026E-38  4.5026E-38  4.5026E-38  1.6251E-01  0.0000E+00  2.6176E-04  4.5026E-38  4.1577E-21  0.0000E+00  2.2987E-06  4.5026E-38
  4.5026E-38  8.3714E-01  4.5026E-38  4.5026E-38  4.5026E-38  4.5026E-38  4.5026E-38  4.5026E-38  1.6251E-01  0.0000E+00  2.6176E-04  4.5026E-38  3.7420E-22  0.0000E+00  6.8961E-07  4.5026E-38
  4.5027E-38  8.3715E-01  4.5027E-38  4.5027E-38  4.5027E-38  4.5027E-38  4.5027E-38  4.5027E-38  1.6251E-01  0.0000E+00  2.6176E-04  4.5027E-38  4.1578E-23  0.0000E+00  2.2988E-07  4.5027E-38
  4.5027E-38  8.3715E-01  4.5027E-38  4.5027E-38  4.5027E-38  4.5027E-38  4.5027E-38  4.5027E-38  1.6251E-01  0.0000E+00  2.6177E-04  4.5027E-38  3.7420E-24  0.0000E+00  6.8962E-08  4.5027E-38
  4.5027E-38  8.3715E-01  4.5027E-38  4.5027E-38  4.5027E-38  4.5027E-38  4.5027E-38  4.5027E-38  1.6251E-01  0.0000E+00  2.6177E-04  4.5027E-38  4.1578E-25  0.0000E+00  2.2988E-08  4.5027E-38
  4.5027E-38  8.3715E-01  4.5027E-38  4.5027E-38  4.5027E-38  4.5027E-38  4.5027E-38  4.5027E-38  1.6251E-01  0.0000E+00  2.6177E-04  4.5027E-38  3.7420E-26  0.0000E+00  6.8962E-09  4.5027E-38
  4.5027E-38  8.3715E-01  4.5027E-38  4.5027E-38  4.5027E-38  4.5027E-38  4.5027E-38  4.5027E-38  1.6251E-01  0.0000E+00  2.6177E-04  4.5027E-38  4.1578E-27  0.0000E+00  2.2988E-09  4.5027E-38
  4.5027E-38  8.3715E-01  4.5027E-38  4.5027E-38  4.5027E-38  4.5027E-38  4.5027E-38  4.5027E-38  1.6251E-01  0.0000E+00  2.6177E-04  4.5027E-38  3.7420E-28  0.0000E+00  6.8962E-10  4.5027E-38
  4.5027E-38  8.3715E-01  4.5027E-38  4.5027E-38  4.5027E-38  4.5027E-38  4.5027E-38  4.5027E-38  1.6251E-01  0.0000E+00  2.6177E-04  4.5027E-38  4.1578E-29  0.0000E+00  2.2988E-10  4.5027E-38
  4.5029E-38  8.3719E-01  4.5029E-38  4.5029E-38  4.5029E-38  4.5029E-38  4.5029E-38  4.5029E-38  1.6251E-01  0.0000E+00  2.6178E-04  4.5029E-38  3.0085E-31  0.0000E+00  6.8965E-11  4.5029E-38
  4.5006E-38  8.3677E-01  4.5006E-38  4.5006E-38  4.5006E-38  4.5006E-38  4.5006E-38  4.5006E-38  1.6242E-01  0.0000E+00  2.6164E-04  1.8469E-37  1.1159E-12  0.0000E+00  4.6059E-04  4.5006E-38
  4.5006E-38  8.3677E-01  4.5006E-38  4.5006E-38  4.5006E-38  4.5006E-38  4.5006E-38  4.5006E-38  1.6242E-01  0.0000E+00  2.6164E-04  4.5006E-38  1.2400E-13  0.0000E+00  4.6059E-04  4.5006E-38
  4.5006E-38  8.3677E-01  4.5006E-38  4.5006E-38  4.5006E-38  4.5006E-38  4.5006E-38  4.5006E-38  1.6242E-01  0.0000E+00  2.6164E-04  4.5006E-38  1.1159E-14  0.0000E+00  4.6059E-04  4.5006E-38
  4.5006E-38  8.3677E-01  4.5006E-38  4.5006E-38  4.5006E-38  4.5006E-38  4.5006E-38  4.5006E-38  1.6242E-01  0.0000E+00  2.6164E-04  4.5006E-38  1.2400E-15  0.0000E+00  4.6059E-04  4.5006E-38
  4.5006E-38  8.3677E-01  4.5006E-38  4.5006E-38  4.5006E-38  4.5006E-38  4.5006E-38  4.5006E-38  1.6242E-01  0.0000E+00  2.6164E-04  4.5006E-38  1.1159E-16  0.0000E+00  4.6059E-04  4.5006E-38
  4.5019E-38  8.3701E-01  4.5019E-38  4.5019E-38  4.5019E-38  4.5019E-38  4.5019E-38  4.5019E-38  1.6247E-01  0.0000E+00  2.6172E-04  4.5019E-38  1.2403E-17  0.0000E+00  1.7283E-04  4.5019E-38
  4.5024E-38  8.3711E-01  4.5024E-38  4.5024E-38  4.5024E-38  4.5024E-38  4.5024E-38  4.5024E-38  1.6249E-01  0.0000E+00  2.6175E-04  4.5024E-38  1.1165E-18  0.0000E+00  5.1855E-05  4.5024E-38
  4.5026E-38  8.3714E-01  4.5026E-38  4.5026E-38  4.5026E-38  4.5026E-38  4.5026E-38  4.5026E-38  1.6249E-01  0.0000E+00  2.6176E-04  4.5026E-38  1.2406E-19  0.0000E+00  1.7286E-05  4.5026E-38
  4.5027E-38  8.3715E-01  4.5027E-38  4.5027E-38  4.5027E-38  4.5027E-38  4.5027E-38  4.5027E-38  1.6250E-01  0.0000E+00  2.6177E-04  4.5027E-38  1.1166E-20  0.0000E+00  5.1858E-06  4.5027E-38
  4.5027E-38  8.3714E-01  4.5027E-38  4.5027E-38  4.5027E-38  4.5027E-38  4.5027E-38  4.5027E-38  1.6251E-01  0.0000E+00  2.6177E-04  4.5027E-38  1.2406E-21  0.0000E+00  1.7286E-06  4.5027E-38
  4.5027E-38  8.3714E-01  4.5027E-38  4.5027E-38  4.5027E-38  4.5027E-38  4.5027E-38  4.5027E-38  1.6251E-01  0.0000E+00  2.6177E-04  4.5027E-38  1.1166E-22  0.0000E+00  5.1858E-07  4.5027E-38
  4.5027E-38  8.3715E-01  4.5027E-38  4.5027E-38  4.5027E-38  4.5027E-38  4.5027E-38  4.5027E-38  1.6251E-01  0.0000E+00  2.6177E-04  4.5027E-38  1.2407E-23  0.0000E+00  1.7286E-07  4.5027E-38
  4.5027E-38  8.3715E-01  4.5027E-38  4.5027E-38  4.5027E-38  4.5027E-38  4.5027E-38  4.5027E-38  1.6251E-01  0.0000E+00  2.6177E-04  4.5027E-38  1.1166E-24  0.0000E+00  5.1859E-08  4.5027E-38
  4.5028E-38  8.3715E-01  4.5028E-38  4.5028E-38  4.5028E-38  4.5028E-38  4.5028E-38  4.5028E-38  1.6251E-01  0.0000E+00  2.6177E-04  4.5028E-38  1.2407E-25  0.0000E+00  1.7287E-08  4.5028E-38
  4.5028E-38  8.3715E-01  4.5028E-38  4.5028E-38  4.5028E-38  4.5028E-38  4.5028E-38  4.5028E-38  1.6251E-01  0.0000E+00  2.6177E-04  4.5028E-38  1.1166E-26  0.0000E+00  5.1859E-09  4.5028E-38
  4.5028E-38  8.3715E-01  4.5028E-38  4.5028E-38  4.5028E-38  4.5028E-38  4.5028E-38  4.5028E-38  1.6251E-01  0.0000E+00  2.6177E-04  4.5028E-38  1.2407E-27  0.0000E+00  1.7287E-09  4.5028E-38
  4.5028E-38  8.3715E-01  4.5028E-38  4.5028E-38  4.5028E-38  4.5028E-38  4.5028E-38  4.5028E-38  1.6251E-01  0.0000E+00  2.6177E-04  4.5028E-38  1.1166E-28  0.0000E+00  5.1859E-10  4.5028E-38
  4.5006E-38  8.3676E-01  4.5006E-38  4.5006E-38  4.5006E-38  4.5006E-38  4.5006E-38  4.5006E-38  1.6242E-01  0.0000E+00  2.6165E-04  6.2160E-35  2.3647E-11  0.0000E+00  4.6059E-04  4.5006E-38
  4.5006E-38  8.3676E-01  4.5006E-38  4.5006E-38  4.5006E-38  4.5006E-38  4.5006E-38  4.5006E-38  1.6242E-01  0.0000E+00  2.6165E-04  6.9065E-36  2.6276E-12  0.0000E+00  4.6059E-04  4.5006E-38
  4.5006E-38  8.3676E-01  4.5006E-38  4.5006E-38  4.5006E-38  4.5006E-38  4.5006E-38  4.5006E-38  1.6242E-01  0.0000E+00  2.6165E-04  6.2158E-37  2.3647E-13  0.0000E+00  4.6059E-04  4.5006E-38
  4.5006E-38  8.3676E-01  4.5006E-38  4.5006E-38  4.5006E-38  4.5006E-38  4.5006E-38  4.5006E-38  1.6242E-01  0.0000E+00  2.6165E-04  6.9065E-38  2.6276E-14  0.0000E+00  4.6059E-04  4.5006E-38
  4.5006E-38  8.3676E-01  4.5006E-38  4.5006E-38  4.5006E-38  4.5006E-38  4.5006E-38  4.5006E-38  1.6242E-01  0.0000E+00  2.6165E-04  4.5006E-38  2.3647E-15  0.0000E+00  4.6059E-04  4.5006E-38
  4.5006E-38  8.3676E-01  4.5006E-38  4.5006E-38  4.5006E-38  4.5006E-38  4.5006E-38  4.5006E-38  1.6242E-01  0.0000E+00  2.6165E-04  4.5006E-38  2.6276E-16  0.0000E+00  4.6059E-04  4.5006E-38
  4.5013E-38  8.3689E-01  4.5013E-38  4.5013E-38  4.5013E-38  4.5013E-38  4.5013E-38  4.5013E-38  1.6245E-01  0.0000E+00  2.6168E-04  4.5013E-38  2.3652E-17  0.0000E+00  3.1525E-04  4.5013E-38
  4.5022E-38  8.3706E-01  4.5022E-38  4.5022E-38  4.5022E-38  4.5022E-38  4.5022E-38  4.5022E-38  1.6248E-01  0.0000E+00  2.6174E-04  4.5022E-38  2.6285E-18  0.0000E+00  1.0510E-04  4.5022E-38
  4.5025E-38  8.3712E-01  4.5025E-38  4.5025E-38  4.5025E-38  4.5025E-38  4.5025E-38  4.5025E-38  1.6249E-01  0.0000E+00  2.6176E-04  4.5025E-38  2.3658E-19  0.0000E+00  3.1534E-05  4.5025E-38
  4.5027E-38  8.3713E-01  4.5027E-38  4.5027E-38  4.5027E-38  4.5027E-38  4.5027E-38  4.5027E-38  1.6251E-01  0.0000E+00  2.6177E-04  4.5027E-38  2.6290E-20  0.0000E+00  1.0511E-05  4.5027E-38
  4.5027E-38  8.3714E-01  4.5027E-38  4.5027E-38  4.5027E-38  4.5027E-38  4.5027E-38  4.5027E-38  1.6251E-01  0.0000E+00  2.6177E-04  4.5027E-38  2.3661E-21  0.0000E+00  3.1535E-06  4.5027E-38
  4.5027E-38  8.3714E-01  4.5027E-38  4.5027E-38  4.5027E-38  4.5027E-38  4.5027E-38  4.5027E-38  1.6251E-01  0.0000E+00  2.6177E-04  4.5027E-38  2.6290E-22  0.0000E+00  1.0511E-06  4.5027E-38
  4.5028E-38  8.3714E-01  4.5028E-38  4.5028E-38  4.5028E-38  4.5028E-38  4.5028E-38  4.5028E-38  1.6251E-01  0.0000E+00  2.6177E-04  4.5028E-38  2.3661E-23  0.0000E+00  3.1535E-07  4.5028E-38
  4.5028E-38  8.3715E-01  4.5028E-38  4.5028E-38  4.5028E-38  4.5028E-38  4.5028E-38  4.5028E-38  1.6251E-01  0.0000E+00  2.6177E-04  4.5028E-38  2.6290E-24  0.0000E+00  1.0511E-07  4.5028E-38
  4.5028E-38  8.3715E-01  4.5028E-38  4.5028E-38  4.5028E-38  4.5028E-38  4.5028E-38  4.5028E-38  1.6251E-01  0.0000E+00  2.6177E-04  4.5028E-38  2.3662E-25  0.0000E+00  3.1536E-08  4.5028E-38
  4.5028E-38  8.3715E-01  4.5028E-38  4.5028E-38  4.5028E-38  4.5028E-38  4.5028E-38  4.5028E-38  1.6251E-01  0.0000E+00  2.6177E-04  4.5028E-38  2.6290E-26  0.0000E+00  1.0512E-08  4.5028E-38
  4.5028E-38  8.3715E-01  4.5028E-38  4.5028E-38  4.5028E-38  4.5028E-38  4.5028E-38  4.5028E-38  1.6251E-01  0.0000E+00  2.6177E-04  4.5028E-38  2.3662E-27  0.0000E+00  3.1536E-09  4.5028E-38
  4.5006E-38  8.3676E-01  4.5006E-38  4.5006E-38  4.5006E-38  4.5006E-38  4.5006E-38  4.5006E-38  1.6242E-01  0.0000E+00  2.6165E-04  1.1691E-32  3.7433E-10  0.0000E+00  4.6059E-04  6.0582E-38
  4.5006E-38  8.3676E-01  4.5006E-38  4.5006E-38  4.5006E-38  4.5006E-38  4.5006E-38  4.5006E-38  1.6242E-01  0.0000E+00  2.6165E-04  1.2990E-33  4.1594E-11  0.0000E+00  4.6059E-04  4.5006E-38
  4.5006E-38  8.3676E-01  4.5006E-38  4.5006E-38  4.5006E-38  4.5006E-38  4.5006E-38  4.5006E-38  1.6242E-01  0.0000E+00  2.6165E-04  1.1691E-34  3.7434E-12  0.0000E+00  4.6059E-04  4.5006E-38
  4.5006E-38  8.3676E-01  4.5006E-38  4.5006E-38  4.5006E-38  4.5006E-38  4.5006E-38  4.5006E-38  1.6242E-01  0.0000E+00  2.6165E-04  1.2990E-35  4.1594E-13  0.0000E+00  4.6059E-04  4.5006E-38
  4.5006E-38  8.3676E-01  4.5006E-38  4.5006E-38  4.5006E-38  4.5006E-38  4.5006E-38  4.5006E-38  1.6242E-01  0.0000E+00  2.6165E-04  1.1691E-36  3.7434E-14  0.0000E+00  4.6059E-04  4.5006E-38
  4.5006E-38  8.3676E-01  4.5006E-38  4.5006E-38  4.5006E-38  4.5006E-38  4.5006E-38  4.5006E-38  1.6242E-01  0.0000E+00  2.6165E-04  1.2990E-37  4.1594E-15  0.0000E+00  4.6059E-04  4.5006E-38
  4.5006E-38  8.3676E-01  4.5006E-38  4.5006E-38  4.5006E-38  4.5006E-38  4.5006E-38  4.5006E-38  1.6242E-01  0.0000E+00  2.6165E-04  4.5006E-38  3.7434E-16  0.0000E+00  4.6059E-04  4.5006E-38
  4.5006E-38  8.3676E-01  4.5006E-38  4.5006E-38  4.5006E-38  4.5006E-38  4.5006E-38  4.5006E-38  1.6242E-01  0.0000E+00  2.6165E-04  4.5006E-38  4.1595E-17  0.0000E+00  4.6059E-04  4.5006E-38
  4.5020E-38  8.3702E-01  4.5020E-38  4.5020E-38  4.5020E-38  4.5020E-38  4.5020E-38  4.5020E-38  1.6247E-01  0.0000E+00  2.6172E-04  4.5020E-38  3.7447E-18  0.0000E+00  1.6006E-04  4.5020E-38
  4.5025E-38  8.3709E-01  4.5025E-38  4.5025E-38  4.5025E-38  4.5025E-38  4.5025E-38  4.5025E-38  1.6250E-01  0.0000E+00  2.6175E-04  4.5025E-38  4.1614E-19  0.0000E+00  5.3361E-05  4.5025E-38
  4.5027E-38  8.3712E-01  4.5027E-38  4.5027E-38  4.5027E-38  4.5027E-38  4.5027E-38  4.5027E-38  1.6251E-01  0.0000E+00  2.6176E-04  4.5027E-38  3.7455E-20  0.0000E+00  1.6008E-05  4.5027E-38
  4.5027E-38  8.3713E-01  4.5027E-38  4.5027E-38  4.5027E-38  4.5027E-38  4.5027E-38  4.5027E-38  1.6251E-01  0.0000E+00  2.6177E-04  4.5027E-38  4.1617E-21  0.0000E+00  5.3363E-06  4.5027E-38
  4.5027E-38  8.3714E-01  4.5027E-38  4.5027E-38  4.5027E-38  4.5027E-38  4.5027E-38  4.5027E-38  1.6251E-01  0.0000E+00  2.6177E-04  4.5027E-38  3.7456E-22  0.0000E+00  1.6009E-06  4.5027E-38
  4.5028E-38  8.3714E-01  4.5028E-38  4.5028E-38  4.5028E-38  4.5028E-38  4.5028E-38  4.5028E-38  1.6251E-01  0.0000E+00  2.6177E-04  4.5028E-38  4.1617E-23  0.0000E+00  5.3364E-07  4.5028E-38
  4.5028E-38  8.3715E-01  4.5028E-38  4.5028E-38  4.5028E-38  4.5028E-38  4.5028E-38  4.5028E-38  1.6251E-01  0.0000E+00  2.6177E-04  4.5028E-38  3.7456E-24  0.0000E+00  1.6009E-07  4.5028E-38
  4.5028E-38  8.3715E-01  4.5028E-38  4.5028E-38  4.5028E-38  4.5028E-38  4.5028E-38  4.5028E-38  1.6251E-01  0.0000E+00  2.6177E-04  4.5028E-38  4.1618E-25  0.0000E+00  5.3364E-08  4.5028E-38
  4.5028E-38  8.3715E-01  4.5028E-38  4.5028E-38  4.5028E-38  4.5028E-38  4.5028E-38  4.5028E-38  1.6251E-01  0.0000E+00  2.6177E-04  4.5028E-38  3.7456E-26  0.0000E+00  1.6009E-08  4.5028E-38
  4.5006E-38  8.3676E-01  4.5006E-38  4.5006E-38  4.5006E-38  4.5006E-38  4.5006E-38  4.5006E-38  1.6242E-01  0.0000E+00  2.6165E-04  1.3353E-30  4.6119E-09  0.0000E+00  4.6059E-04  2.2385E-35
  4.5006E-38  8.3676E-01  4.5006E-38  4.5006E-38  4.5006E-38  4.5006E-38  4.5006E-38  4.5006E-38  1.6242E-01  0.0000E+00  2.6165E-04  1.4837E-31  5.1254E-10  0.0000E+00  4.6059E-04  2.4872E-36
  4.5006E-38  8.3676E-01  4.5006E-38  4.5006E-38  4.5006E-38  4.5006E-38  4.5006E-38  4.5006E-38  1.6242E-01  0.0000E+00  2.6165E-04  1.3353E-32  4.6129E-11  0.0000E+00  4.6059E-04  2.2385E-37
  4.5006E-38  8.3676E-01  4.5006E-38  4.5006E-38  4.5006E-38  4.5006E-38  4.5006E-38  4.5006E-38  1.6242E-01  0.0000E+00  2.6165E-04  1.4837E-33  5.1255E-12  0.0000E+00  4.6059E-04  4.5006E-38
  4.5006E-38  8.3676E-01  4.5006E-38  4.5006E-38  4.5006E-38  4.5006E-38  4.5006E-38  4.5006E-38  1.6242E-01  0.0000E+00  2.6165E-04  1.3353E-34  4.6129E-13  0.0000E+00  4.6059E-04  4.5006E-38
