e- H2 H H+ H- H2- H2+ H3+ He Ar CH4 CO2 N2 O2 H2O CO
  4.5006E-38  8.3757E-01  4.5006E-38  4.5006E-38  4.5006E-38  4.5006E-38  4.5006E-38  4.5006E-38  1.6238E-01  0.0000E+00  4.6516E-05  4.5006E-38  4.5006E-38  0.0000E+00  7.2609E-23  4.5006E-38
  4.5006E-38  8.3757E-01  4.5006E-38  4.5006E-38  4.5006E-38  4.5006E-38  4.5006E-38  4.5006E-38  1.6238E-01  0.0000E+00  4.6516E-05  4.5006E-38  4.5006E-38  0.0000E+00  2.4203E-23  4.5006E-38
  4.5006E-38  8.3757E-01  4.5006E-38  4.5006E-38  4.5006E-38  4.5006E-38  4.5006E-38  4.5006E-38  1.6238E-01  0.0000E+00  4.6516E-05  4.5006E-38  4.5006E-38  0.0000E+00  7.2609E-24  4.5006E-38
  4.5006E-38  8.3757E-01  4.5006E-38  4.5006E-38  4.5006E-38  4.5006E-38  4.5006E-38  4.5006E-38  1.6238E-01  0.0000E+00  4.6516E-05  4.5006E-38  4.5006E-38  0.0000E+00  2.4203E-24  4.5006E-38
  4.5006E-38  8.3757E-01  4.5006E-38  4.5006E-38  4.5006E-38  4.5006E-38  4.5006E-38  4.5006E-38  1.6238E-01  0.0000E+00  4.6516E-05  4.5006E-38  4.5006E-38  0.0000E+00  7.2609E-25  4.5006E-38
  4.5006E-38  8.3757E-01  4.5006E-38  4.5006E-38  4.5006E-38  4.5006E-38  4.5006E-38  4.5006E-38  1.6238E-01  0.0000E+00  4.6516E-05  4.5006E-38  4.5006E-38  0.0000E+00  2.4203E-25  4.5006E-38
  4.5006E-38  8.3757E-01  4.5006E-38  4.5006E-38  4.5006E-38  4.5006E-38  4.5006E-38  4.5006E-38  1.6238E-01  0.0000E+00  4.6516E-05  4.5006E-38  4.5006E-38  0.0000E+00  7.2609E-26  4.5006E-38
  4.5006E-38  8.3757E-01  4.5006E-38  4.5006E-38  4.5006E-38  4.5006E-38  4.5006E-38  4.5006E-38  1.6238E-01  0.0000E+00  4.6516E-05  4.5006E-38  4.5006E-38  0.0000E+00  2.4203E-26  4.5006E-38
  4.5006E-38  8.3757E-01  4.5006E-38  4.5006E-38  4.5006E-38  4.5006E-38  4.5006E-38  4.5006E-38  1.6238E-01  0.0000E+00  4.6516E-05  4.5006E-38  4.5006E-38  0.0000E+00  7.2609E-27  4.5006E-38
  4.5006E-38  8.3757E-01  4.5006E-38  4.5006E-38  4.5006E-38  4.5006E-38  4.5006E-38  4.5006E-38  1.6238E-01  0.0000E+00  4.6516E-05  4.5006E-38  4.5006E-38  0.0000E+00  2.4203E-27  4.5006E-38
  4.5006E-38  8.3757E-01  4.5006E-38  4.5006E-38  4.5006E-38  4.5006E-38  4.5006E-38  4.5006E-38  1.6238E-01  0.0000E+00  4.6516E-05  4.5006E-38  4.5006E-38  0.0000E+00  7.2609E-28  4.5006E-38
  4.5006E-38  8.3757E-01  4.5006E-38  4.5006E-38  4.5006E-38  4.5006E-38  4.5006E-38  4.5006E-38  1.6238E-01  0.0000E+00  4.6516E-05  4.5006E-38  4.5006E-38  0.0000E+00  2.4203E-28  4.5006E-38
  4.5006E-38  8.3757E-01  4.5006E-38  4.5006E-38  4.5006E-38  4.5006E-38  4.5006E-38  4.5006E-38  1.6238E-01  0.0000E+00  4.6516E-05  4.5006E-38  4.5006E-38  0.0000E+00  7.2609E-29  4.5006E-38
  4.5006E-38  8.3757E-01  4.5006E-38  4.5006E-38  4.5006E-38  4.5006E-38  4.5006E-38  4.5006E-38  1.6238E-01  0.0000E+00  4.6516E-05  4.5006E-38  4.5006E-38  0.0000E+00  2.4203E-29  4.5006E-38
  4.5006E-38  8.3757E-01  4.5006E-38  4.5006E-38  4.5006E-38  4.5006E-38  4.5006E-38  4.5006E-38  1.6238E-01  0.0000E+00  4.6516E-05  4.5006E-38  4.5006E-38  0.0000E+00  7.2609E-30  4.5006E-38
  4.5005E-38  8.3756E-01  4.5005E-38  4.5005E-38  4.5005E-38  4.5005E-38  4.5005E-38  4.5005E-38  1.6238E-01  0.0000E+00  4.6515E-05  4.5005E-38  8.2791E-34  0.0000E+00  6.2842E-14  4.5005E-38
  4.5005E-38  8.3756E-01  4.5005E-38  4.5005E-38  4.5005E-38  4.5005E-38  4.5005E-38  4.5005E-38  1.6238E-01  0.0000E+00  4.6515E-05  4.5005E-38  9.1990E-35  0.0000E+00  2.0947E-14  4.5005E-38
  4.5005E-38  8.3756E-01  4.5005E-38  4.5005E-38  4.5005E-38  4.5005E-38  4.5005E-38  4.5005E-38  1.6238E-01  0.0000E+00  4.6515E-05  4.5005E-38  8.2791E-36  0.0000E+00  6.2842E-15  4.5005E-38
  4.5005E-38  8.3756E-01  4.5005E-38  4.5005E-38  4.5005E-38  4.5005E-38  4.5005E-38  4.5005E-38  1.6238E-01  0.0000E+00  4.6515E-05  4.5005E-38  9.1990E-37  0.0000E+00  2.0947E-15  4.5005E-38
  4.5005E-38  8.3756E-01  4.5005E-38  4.5005E-38  4.5005E-38  4.5005E-38  4.5005E-38  4.5005E-38  1.6238E-01  0.0000E+00  4.6515E-05  4.5005E-38  4.5005E-38  0.0000E+00  6.2842E-16  4.5005E-38
  4.5005E-38  8.3757E-01  4.5005E-38  4.5005E-38  4.5005E-38  4.5005E-38  4.5005E-38  4.5005E-38  1.6238E-01  0.0000E+00  4.6516E-05  4.5005E-38  4.5005E-38  0.0000E+00  2.0948E-16  4.5005E-38
  4.5005E-38  8.3757E-01  4.5005E-38  4.5005E-38  4.5005E-38  4.5005E-38  4.5005E-38  4.5005E-38  1.6238E-01  0.0000E+00  4.6516E-05  4.5005E-38  4.5005E-38  0.0000E+00  6.2843E-17  4.5005E-38
  4.5006E-38  8.3757E-01  4.5006E-38  4.5006E-38  4.5006E-38  4.5006E-38  4.5006E-38  4.5006E-38  1.6238E-01  0.0000E+00  4.6516E-05  4.5006E-38  4.5006E-38  0.0000E+00  2.0948E-17  4.5006E-38
  4.5006E-38  8.3757E-01  4.5006E-38  4.5006E-38  4.5006E-38  4.5006E-38  4.5006E-38  4.5006E-38  1.6238E-01  0.0000E+00  4.6516E-05  4.5006E-38  4.5006E-38  0.0000E+00  6.2843E-18  4.5006E-38
  4.5006E-38  8.3757E-01  4.5006E-38  4.5006E-38  4.5006E-38  4.5006E-38  4.5006E-38  4.5006E-38  1.6238E-01  0.0000E+00  4.6516E-05  4.5006E-38  4.5006E-38  0.0000E+00  2.0948E-18  4.5006E-38
  4.5006E-38  8.3757E-01  4.5006E-38  4.5006E-38  4.5006E-38  4.5006E-38  4.5006E-38  4.5006E-38  1.6238E-01  0.0000E+00  4.6516E-05  4.5006E-38  4.5006E-38  0.0000E+00  6.2843E-19  4.5006E-38
  4.5006E-38  8.3757E-01  4.5006E-38  4.5006E-38  4.5006E-38  4.5006E-38  4.5006E-38  4.5006E-38  1.6238E-01  0.0000E+00  4.6516E-05  4.5006E-38  4.5006E-38  0.0000E+00  2.0948E-19  4.5006E-38
  4.5006E-38  8.3757E-01  4.5006E-38  4.5006E-38  4.5006E-38  4.5006E-38  4.5006E-38  4.5006E-38  1.6238E-01  0.0000E+00  4.6516E-05  4.5006E-38  4.5006E-38  0.0000E+00  6.2843E-20  4.5006E-38
  4.5006E-38  8.3757E-01  4.5006E-38  4.5006E-38  4.5006E-38  4.5006E-38  4.5006E-38  4.5006E-38  1.6238E-01  0.0000E+00  4.6516E-05  4.5006E-38  4.5006E-38  0.0000E+00  2.0948E-20  4.5006E-38
  4.5006E-38  8.3757E-01  4.5006E-38  4.5006E-38  4.5006E-38  4.5006E-38  4.5006E-38  4.5006E-38  1.6238E-01  0.0000E+00  4.6516E-05  4.5006E-38  4.5006E-38  0.0000E+00  6.2843E-21  4.5006E-38
  4.5006E-38  8.3757E-01  4.5006E-38  4.5006E-38  4.5006E-38  4.5006E-38  4.5006E-38  4.5006E-38  1.6238E-01  0.0000E+00  4.6516E-05  4.5006E-38  4.5006E-38  0.0000E+00  2.0948E-21  4.5006E-38
  4.5005E-38  8.3756E-01  4.5005E-38  4.5005E-38  4.5005E-38  4.5005E-38  4.5005E-38  4.5005E-38  1.6238E-01  0.0000E+00  4.6515E-05  4.5005E-38  7.4617E-30  0.0000E+00  1.7206E-11  4.5005E-38
  4.5005E-38  8.3756E-01  4.5005E-38  4.5005E-38  4.5005E-38  4.5005E-38  4.5005E-38  4.5005E-38  1.6238E-01  0.0000E+00  4.6515E-05  4.5005E-38  8.2908E-31  0.0000E+00  5.7354E-12  4.5005E-38
  4.5005E-38  8.3756E-01  4.5005E-38  4.5005E-38  4.5005E-38  4.5005E-38  4.5005E-38  4.5005E-38  1.6238E-01  0.0000E+00  4.6515E-05  4.5005E-38  7.4617E-32  0.0000E+00  1.7206E-12  4.5005E-38
  4.5005E-38  8.3756E-01  4.5005E-38  4.5005E-38  4.5005E-38  4.5005E-38  4.5005E-38  4.5005E-38  1.6238E-01  0.0000E+00  4.6515E-05  4.5005E-38  8.2908E-33  0.0000E+00  5.7354E-13  4.5005E-38
  4.5005E-38  8.3756E-01  4.5005E-38  4.5005E-38  4.5005E-38  4.5005E-38  4.5005E-38  4.5005E-38  1.6238E-01  0.0000E+00  4.6515E-05  4.5005E-38  7.4617E-34  0.0000E+00  1.7206E-13  4.5005E-38
  4.5005E-38  8.3756E-01  4.5005E-38  4.5005E-38  4.5005E-38  4.5005E-38  4.5005E-38  4.5005E-38  1.6238E-01  0.0000E+00  4.6515E-05  4.5005E-38  8.2908E-35  0.0000E+00  5.7354E-14  4.5005E-38
  4.5005E-38  8.3756E-01  4.5005E-38  4.5005E-38  4.5005E-38  4.5005E-38  4.5005E-38  4.5005E-38  1.6238E-01  0.0000E+00  4.6515E-05  4.5005E-38  7.4617E-36  0.0000E+00  1.7206E-14  4.5005E-38
  4.5005E-38  8.3757E-01  4.5005E-38  4.5005E-38  4.5005E-38  4.5005E-38  4.5005E-38  4.5005E-38  1.6238E-01  0.0000E+00  4.6515E-05  4.5005E-38  4.5005E-38  0.0000E+00  5.7355E-15  4.5005E-38
  4.5006E-38  8.3757E-01  4.5006E-38  4.5006E-38  4.5006E-38  4.5006E-38  4.5006E-38  4.5006E-38  1.6238E-01  0.0000E+00  4.6516E-05  4.5006E-38  4.5006E-38  0.0000E+00  1.7206E-15  4.5006E-38
  4.5006E-38  8.3757E-01  4.5006E-38  4.5006E-38  4.5006E-38  4.5006E-38  4.5006E-38  4.5006E-38  1.6238E-01  0.0000E+00  4.6516E-05  4.5006E-38  4.5006E-38  0.0000E+00  5.7355E-16  4.5006E-38
  4.5006E-38  8.3757E-01  4.5006E-38  4.5006E-38  4.5006E-38  4.5006E-38  4.5006E-38  4.5006E-38  1.6238E-01  0.0000E+00  4.6516E-05  4.5006E-38  4.5006E-38  0.0000E+00  1.7206E-16  4.5006E-38
  4.5006E-38  8.3757E-01  4.5006E-38  4.5006E-38  4.5006E-38  4.5006E-38  4.5006E-38  4.5006E-38  1.6238E-01  0.0000E+00  4.6516E-05  4.5006E-38  4.5006E-38  0.0000E+00  5.7355E-17  4.5006E-38
  4.5006E-38  8.3757E-01  4.5006E-38  4.5006E-38  4.5006E-38  4.5006E-38  4.5006E-38  4.5006E-38  1.6238E-01  0.0000E+00  4.6516E-05  4.5006E-38  4.5006E-38  0.0000E+00  1.7206E-17  4.5006E-38
  4.5006E-38  8.3757E-01  4.5006E-38  4.5006E-38  4.5006E-38  4.5006E-38  4.5006E-38  4.5006E-38  1.6238E-01  0.0000E+00  4.6516E-05  4.5006E-38  4.5006E-38  0.0000E+00  5.7355E-18  4.5006E-38
  4.5006E-38  8.3757E-01  4.5006E-38  4.5006E-38  4.5006E-38  4.5006E-38  4.5006E-38  4.5006E-38  1.6238E-01  0.0000E+00  4.6516E-05  4.5006E-38  4.5006E-38  0.0000E+00  1.7206E-18  4.5006E-38
  4.5006E-38  8.3757E-01  4.5006E-38  4.5006E-38  4.5006E-38  4.5006E-38  4.5006E-38  4.5006E-38  1.6238E-01  0.0000E+00  4.6516E-05  4.5006E-38  4.5006E-38  0.0000E+00  5.7355E-19  4.5006E-38
  4.5006E-38  8.3757E-01  4.5006E-38  4.5006E-38  4.5006E-38  4.5006E-38  4.5006E-38  4.5006E-38  1.6238E-01  0.0000E+00  4.6516E-05  4.5006E-38  4.5006E-38  0.0000E+00  1.7206E-19  4.5006E-38
  4.5005E-38  8.3756E-01  4.5005E-38  4.5005E-38  4.5005E-38  4.5005E-38  4.5005E-38  4.5005E-38  1.6238E-01  0.0000E+00  4.6515E-05  4.5005E-38  1.5448E-26  0.0000E+00  1.8488E-09  4.5005E-38
  4.5005E-38  8.3756E-01  4.5005E-38  4.5005E-38  4.5005E-38  4.5005E-38  4.5005E-38  4.5005E-38  1.6238E-01  0.0000E+00  4.6515E-05  4.5005E-38  1.7164E-27  0.0000E+00  6.1626E-10  4.5005E-38
  4.5005E-38  8.3756E-01  4.5005E-38  4.5005E-38  4.5005E-38  4.5005E-38  4.5005E-38  4.5005E-38  1.6238E-01  0.0000E+00  4.6515E-05  4.5005E-38  1.5448E-28  0.0000E+00  1.8488E-10  4.5005E-38
  4.5005E-38  8.3756E-01  4.5005E-38  4.5005E-38  4.5005E-38  4.5005E-38  4.5005E-38  4.5005E-38  1.6238E-01  0.0000E+00  4.6515E-05  4.5005E-38  1.7164E-29  0.0000E+00  6.1626E-11  4.5005E-38
  4.5005E-38  8.3756E-01  4.5005E-38  4.5005E-38  4.5005E-38  4.5005E-38  4.5005E-38  4.5005E-38  1.6238E-01  0.0000E+00  4.6515E-05  4.5005E-38  1.5448E-30  0.0000E+00  1.8488E-11  4.5005E-38
  4.5005E-38  8.3756E-01  4.5005E-38  4.5005E-38  4.5005E-38  4.5005E-38  4.5005E-38  4.5005E-38  1.6238E-01  0.0000E+00  4.6515E-05  4.5005E-38  1.7164E-31  0.0000E+00  6.1626E-12  4.5005E-38
  4.5005E-38  8.3756E-01  4.5005E-38  4.5005E-38  4.5005E-38  4.5005E-38  4.5005E-38  4.5005E-38  1.6238E-01  0.0000E+00  4.6515E-05  4.5005E-38  1.5448E-32  0.0000E+00  1.8488E-12  4.5005E-38
  4.5005E-38  8.3756E-01  4.5005E-38  4.5005E-38  4.5005E-38  4.5005E-38  4.5005E-38  4.5005E-38  1.6238E-01  0.0000E+00  4.6515E-05  4.5005E-38  1.7164E-33  0.0000E+00  6.1626E-13  4.5005E-38
  4.5005E-38  8.3756E-01  4.5005E-38  4.5005E-38  4.5005E-38  4.5005E-38  4.5005E-38  4.5005E-38  1.6238E-01  0.0000E+00  4.6515E-05  4.5005E-38  1.5448E-34  0.0000E+00  1.8488E-13  4.5005E-38
  4.5005E-38  8.3756E-01  4.5005E-38  4.5005E-38  4.5005E-38  4.5005E-38  4.5005E-38  4.5005E-38  1.6238E-01  0.0000E+00  4.6515E-05  4.5005E-38  1.7164E-35  0.0000E+00  6.1626E-14  4.5005E-38
  4.5005E-38  8.3757E-01  4.5005E-38  4.5005E-38  4.5005E-38  4.5005E-38  4.5005E-38  4.5005E-38  1.6238E-01  0.0000E+00  4.6516E-05  4.5005E-38  4.5005E-38  0.0000E+00  1.8488E-14  4.5005E-38
  4.5005E-38  8.3757E-01  4.5005E-38  4.5005E-38  4.5005E-38  4.5005E-38  4.5005E-38  4.5005E-38  1.6238E-01  0.0000E+00  4.6516E-05  4.5005E-38  4.5005E-38  0.0000E+00  6.1626E-15  4.5005E-38
  4.5006E-38  8.3757E-01  4.5006E-38  4.5006E-38  4.5006E-38  4.5006E-38  4.5006E-38  4.5006E-38  1.6238E-01  0.0000E+00  4.6516E-05  4.5006E-38  4.5006E-38  0.0000E+00  1.8488E-15  4.5006E-38
  4.5006E-38  8.3757E-01  4.5006E-38  4.5006E-38  4.5006E-38  4.5006E-38  4.5006E-38  4.5006E-38  1.6238E-01  0.0000E+00  4.6516E-05  4.5006E-38  4.5006E-38  0.0000E+00  6.1627E-16  4.5006E-38
  4.5006E-38  8.3757E-01  4.5006E-38  4.5006E-38  4.5006E-38  4.5006E-38  4.5006E-38  4.5006E-38  1.6238E-01  0.0000E+00  4.6516E-05  4.5006E-38  4.5006E-38  0.0000E+00  1.8488E-16  4.5006E-38
  4.5006E-38  8.3757E-01  4.5006E-38  4.5006E-38  4.5006E-38  4.5006E-38  4.5006E-38  4.5006E-38  1.6238E-01  0.0000E+00  4.6516E-05  4.5006E-38  4.5006E-38  0.0000E+00  6.1627E-17  4.5006E-38
  4.5006E-38  8.3757E-01  4.5006E-38  4.5006E-38  4.5006E-38  4.5006E-38  4.5006E-38  4.5006E-38  1.6238E-01  0.0000E+00  4.6516E-05  4.5006E-38  4.5006E-38  0.0000E+00  1.8488E-17  4.5006E-38
  4.5005E-38  8.3756E-01  4.5005E-38  4.5005E-38  4.5005E-38  4.5005E-38  4.5005E-38  4.5005E-38  1.6238E-01  0.0000E+00  4.6515E-05  4.5005E-38  1.0239E-23  0.0000E+00  9.6735E-08  4.5005E-38
  4.5005E-38  8.3756E-01  4.5005E-38  4.5005E-38  4.5005E-38  4.5005E-38  4.5005E-38  4.5005E-38  1.6238E-01  0.0000E+00  4.6515E-05  4.5005E-38  1.1377E-24  0.0000E+00  3.2245E-08  4.5005E-38
  4.5005E-38  8.3756E-01  4.5005E-38  4.5005E-38  4.5005E-38  4.5005E-38  4.5005E-38  4.5005E-38  1.6238E-01  0.0000E+00  4.6515E-05  4.5005E-38  1.0239E-25  0.0000E+00  9.6735E-09  4.5005E-38
  4.5005E-38  8.3756E-01  4.5005E-38  4.5005E-38  4.5005E-38  4.5005E-38  4.5005E-38  4.5005E-38  1.6238E-01  0.0000E+00  4.6515E-05  4.5005E-38  1.1377E-26  0.0000E+00  3.2246E-09  4.5005E-38
  4.5005E-38  8.3756E-01  4.5005E-38  4.5005E-38  4.5005E-38  4.5005E-38  4.5005E-38  4.5005E-38  1.6238E-01  0.0000E+00  4.6515E-05  4.5005E-38  1.0239E-27  0.0000E+00  9.6736E-10  4.5005E-38
  4.5005E-38  8.3756E-01  4.5005E-38  4.5005E-38  4.5005E-38  4.5005E-38  4.5005E-38  4.5005E-38  1.6238E-01  0.0000E+00  4.6515E-05  4.5005E-38  1.1377E-28  0.0000E+00  3.2246E-10  4.5005E-38
  4.5005E-38  8.3756E-01  4.5005E-38  4.5005E-38  4.5005E-38  4.5005E-38  4.5005E-38  4.5005E-38  1.6238E-01  0.0000E+00  4.6515E-05  4.5005E-38  1.0239E-29  0.0000E+00  9.6736E-11  4.5005E-38
  4.5005E-38  8.3756E-01  4.5005E-38  4.5005E-38  4.5005E-38  4.5005E-38  4.5005E-38  4.5005E-38  1.6238E-01  0.0000E+00  4.6515E-05  4.5005E-38  1.1377E-30  0.0000E+00  3.2246E-11  4.5005E-38
  4.5005E-38  8.3756E-01  4.5005E-38  4.5005E-38  4.5005E-38  4.5005E-38  4.5005E-38  4.5005E-38  1.6238E-01  0.0000E+00  4.6515E-05  4.5005E-38  1.0239E-31  0.0000E+00  9.6736E-12  4.5005E-38
  4.5005E-38  8.3756E-01  4.5005E-38  4.5005E-38  4.5005E-38  4.5005E-38  4.5005E-38  4.5005E-38  1.6238E-01  0.0000E+00  4.6515E-05  4.5005E-38  1.1377E-32  0.0000E+00  3.2246E-12  4.5005E-38
  4.5005E-38  8.3756E-01  4.5005E-38  4.5005E-38  4.5005E-38  4.5005E-38  4.5005E-38  4.5005E-38  1.6238E-01  0.0000E+00  4.6515E-05  4.5005E-38  1.0239E-33  0.0000E+00  9.6736E-13  4.5005E-38
  4.5005E-38  8.3756E-01  4.5005E-38  4.5005E-38  4.5005E-38  4.5005E-38  4.5005E-38  4.5005E-38  1.6238E-01  0.0000E+00  4.6515E-05  4.5005E-38  1.1377E-34  0.0000E+00  3.2246E-13  4.5005E-38
  4.5005E-38  8.3757E-01  4.5005E-38  4.5005E-38  4.5005E-38  4.5005E-38  4.5005E-38  4.5005E-38  1.6238E-01  0.0000E+00  4.6516E-05  4.5005E-38  9.8207E-38  0.0000E+00  9.6736E-14  4.5005E-38
  4.5005E-38  8.3757E-01  4.5005E-38  4.5005E-38  4.5005E-38  4.5005E-38  4.5005E-38  4.5005E-38  1.6238E-01  0.0000E+00  4.6516E-05  4.5005E-38  4.5005E-38  0.0000E+00  3.2246E-14  4.5005E-38
  4.5006E-38  8.3757E-01  4.5006E-38  4.5006E-38  4.5006E-38  4.5006E-38  4.5006E-38  4.5006E-38  1.6238E-01  0.0000E+00  4.6516E-05  4.5006E-38  4.5006E-38  0.0000E+00  9.6737E-15  4.5006E-38
  4.5006E-38  8.3757E-01  4.5006E-38  4.5006E-38  4.5006E-38  4.5006E-38  4.5006E-38  4.5006E-38  1.6238E-01  0.0000E+00  4.6516E-05  4.5006E-38  4.5006E-38  0.0000E+00  3.2246E-15  4.5006E-38
  4.5006E-38  8.3757E-01  4.5006E-38  4.5006E-38  4.5006E-38  4.5006E-38  4.5006E-38  4.5006E-38  1.6238E-01  0.0000E+00  4.6516E-05  4.5006E-38  4.5006E-38  0.0000E+00  9.6737E-16  4.5006E-38
  4.5005E-38  8.3756E-01  4.5005E-38  4.5005E-38  4.5005E-38  4.5005E-38  4.5005E-38  4.5005E-38  1.6238E-01  0.0000E+00  4.6515E-05  4.5005E-38  2.7617E-21  0.0000E+00  2.8758E-06  4.5005E-38
  4.5005E-38  8.3756E-01  4.5005E-38  4.5005E-38  4.5005E-38  4.5005E-38  4.5005E-38  4.5005E-38  1.6238E-01  0.0000E+00  4.6515E-05  4.5005E-38  3.0685E-22  0.0000E+00  9.5860E-07  4.5005E-38
  4.5005E-38  8.3756E-01  4.5005E-38  4.5005E-38  4.5005E-38  4.5005E-38  4.5005E-38  4.5005E-38  1.6238E-01  0.0000E+00  4.6515E-05  4.5005E-38  2.7617E-23  0.0000E+00  2.8758E-07  4.5005E-38
  4.5005E-38  8.3756E-01  4.5005E-38  4.5005E-38  4.5005E-38  4.5005E-38  4.5005E-38  4.5005E-38  1.6238E-01  0.0000E+00  4.6515E-05  4.5005E-38  3.0685E-24  0.0000E+00  9.5860E-08  4.5005E-38
  4.5005E-38  8.3756E-01  4.5005E-38  4.5005E-38  4.5005E-38  4.5005E-38  4.5005E-38  4.5005E-38  1.6238E-01  0.0000E+00  4.6515E-05  4.5005E-38  2.7617E-25  0.0000E+00  2.8758E-08  4.5005E-38
  4.5005E-38  8.3756E-01  4.5005E-38  4.5005E-38  4.5005E-38  4.5005E-38  4.5005E-38  4.5005E-38  1.6238E-01  0.0000E+00  4.6515E-05  4.5005E-38  3.0685E-26  0.0000E+00  9.5860E-09  4.5005E-38
  4.5005E-38  8.3756E-01  4.5005E-38  4.5005E-38  4.5005E-38  4.5005E-38  4.5005E-38  4.5005E-38  1.6238E-01  0.0000E+00  4.6515E-05  4.5005E-38  2.7617E-27  0.0000E+00  2.8758E-09  4.5005E-38
  4.5005E-38  8.3756E-01  4.5005E-38  4.5005E-38  4.5005E-38  4.5005E-38  4.5005E-38  4.5005E-38  1.6238E-01  0.0000E+00  4.6515E-05  4.5005E-38  3.0685E-28  0.0000E+00  9.5861E-10  4.5005E-38
  4.5005E-38  8.3756E-01  4.5005E-38  4.5005E-38  4.5005E-38  4.5005E-38  4.5005E-38  4.5005E-38  1.6238E-01  0.0000E+00  4.6515E-05  4.5005E-38  2.7617E-29  0.0000E+00  2.8758E-10  4.5005E-38
  4.5005E-38  8.3756E-01  4.5005E-38  4.5005E-38  4.5005E-38  4.5005E-38  4.5005E-38  4.5005E-38  1.6238E-01  0.0000E+00  4.6515E-05  4.5005E-38  3.0685E-30  0.0000E+00  9.5861E-11  4.5005E-38
  4.5005E-38  8.3756E-01  4.5005E-38  4.5005E-38  4.5005E-38  4.5005E-38  4.5005E-38  4.5005E-38  1.6238E-01  0.0000E+00  4.6515E-05  4.5005E-38  2.7617E-31  0.0000E+00  2.8758E-11  4.5005E-38
  4.5005E-38  8.3756E-01  4.5005E-38  4.5005E-38  4.5005E-38  4.5005E-38  4.5005E-38  4.5005E-38  1.6238E-01  0.0000E+00  4.6515E-05  4.5005E-38  3.0685E-32  0.0000E+00  9.5861E-12  4.5005E-38
  4.5005E-38  8.3756E-01  4.5005E-38  4.5005E-38  4.5005E-38  4.5005E-38  4.5005E-38  4.5005E-38  1.6238E-01  0.0000E+00  4.6515E-05  4.5005E-38  2.7617E-33  0.0000E+00  2.8758E-12  4.5005E-38
  4.5005E-38  8.3756E-01  4.5005E-38  4.5005E-38  4.5005E-38  4.5005E-38  4.5005E-38  4.5005E-38  1.6238E-01  0.0000E+00  4.6515E-05  4.5005E-38  3.0255E-35  0.0000E+00  9.5861E-13  4.5005E-38
  4.5005E-38  8.3757E-01  4.5005E-38  4.5005E-38  4.5005E-38  4.5005E-38  4.5005E-38  4.5005E-38  1.6238E-01  0.0000E+00  4.6516E-05  4.5005E-38  2.4507E-37  0.0000E+00  2.8758E-13  4.5005E-38
  4.5006E-38  8.3757E-01  4.5006E-38  4.5006E-38  4.5006E-38  4.5006E-38  4.5006E-38  4.5006E-38  1.6238E-01  0.0000E+00  4.6516E-05  4.5006E-38  4.5006E-38  0.0000E+00  9.5862E-14  4.5006E-38
  4.5006E-38  8.3757E-01  4.5006E-38  4.5006E-38  4.5006E-38  4.5006E-38  4.5006E-38  4.5006E-38  1.6238E-01  0.0000E+00  4.6516E-05  4.5006E-38  4.5006E-38  0.0000E+00  2.8759E-14  4.5006E-38
  4.5002E-38  8.3751E-01  4.5002E-38  4.5002E-38  4.5002E-38  4.5002E-38  4.5002E-38  4.5002E-38  1.6237E-01  0.0000E+00  4.6512E-05  4.5002E-38  3.6185E-19  0.0000E+00  5.4387E-05  4.5002E-38
  4.5004E-38  8.3754E-01  4.5004E-38  4.5004E-38  4.5004E-38  4.5004E-38  4.5004E-38  4.5004E-38  1.6237E-01  0.0000E+00  4.6514E-05  4.5004E-38  4.0207E-20  0.0000E+00  1.8130E-05  4.5004E-38
  4.5005E-38  8.3756E-01  4.5005E-38  4.5005E-38  4.5005E-38  4.5005E-38  4.5005E-38  4.5005E-38  1.6238E-01  0.0000E+00  4.6515E-05  4.5005E-38  3.6187E-21  0.0000E+00  5.4390E-06  4.5005E-38
  4.5005E-38  8.3756E-01  4.5005E-38  4.5005E-38  4.5005E-38  4.5005E-38  4.5005E-38  4.5005E-38  1.6238E-01  0.0000E+00  4.6515E-05  4.5005E-38  4.0207E-22  0.0000E+00  1.8130E-06  4.5005E-38
  4.5005E-38  8.3756E-01  4.5005E-38  4.5005E-38  4.5005E-38  4.5005E-38  4.5005E-38  4.5005E-38  1.6238E-01  0.0000E+00  4.6515E-05  4.5005E-38  3.6187E-23  0.0000E+00  5.4390E-07  4.5005E-38
  4.5005E-38  8.3756E-01  4.5005E-38  4.5005E-38  4.5005E-38  4.5005E-38  4.5005E-38  4.5005E-38  1.6238E-01  0.0000E+00  4.6515E-05  4.5005E-38  4.0207E-24  0.0000E+00  1.8130E-07  4.5005E-38
  4.5005E-38  8.3756E-01  4.5005E-38  4.5005E-38  4.5005E-38  4.5005E-38  4.5005E-38  4.5005E-38  1.6238E-01  0.0000E+00  4.6515E-05  4.5005E-38  3.6187E-25  0.0000E+00  5.4390E-08  4.5005E-38
  4.5005E-38  8.3756E-01  4.5005E-38  4.5005E-38  4.5005E-38  4.5005E-38  4.5005E-38  4.5005E-38  1.6238E-01  0.0000E+00  4.6515E-05  4.5005E-38  4.0207E-26  0.0000E+00  1.8130E-08  4.5005E-38
  4.5005E-38  8.3756E-01  4.5005E-38  4.5005E-38  4.5005E-38  4.5005E-38  4.5005E-38  4.5005E-38  1.6238E-01  0.0000E+00  4.6515E-05  4.5005E-38  3.6187E-27  0.0000E+00  5.4390E-09  4.5005E-38
  4.5005E-38  8.3756E-01  4.5005E-38  4.5005E-38  4.5005E-38  4.5005E-38  4.5005E-38  4.5005E-38  1.6238E-01  0.0000E+00  4.6515E-05  4.5005E-38  4.0207E-28  0.0000E+00  1.8130E-09  4.5005E-38
  4.5005E-38  8.3756E-01  4.5005E-38  4.5005E-38  4.5005E-38  4.5005E-38  4.5005E-38  4.5005E-38  1.6238E-01  0.0000E+00  4.6515E-05  4.5005E-38  3.6187E-29  0.0000E+00  5.4390E-10  4.5005E-38
  4.5005E-38  8.3756E-01  4.5005E-38  4.5005E-38  4.5005E-38  4.5005E-38  4.5005E-38  4.5005E-38  1.6238E-01  0.0000E+00  4.6515E-05  4.5005E-38  4.0207E-30  0.0000E+00  1.8130E-10  4.5005E-38
  4.5005E-38  8.3756E-01  4.5005E-38  4.5005E-38  4.5005E-38  4.5005E-38  4.5005E-38  4.5005E-38  1.6238E-01  0.0000E+00  4.6515E-05  4.5005E-38  3.6187E-31  0.0000E+00  5.4390E-11  4.5005E-38
  4.5005E-38  8.3756E-01  4.5005E-38  4.5005E-38  4.5005E-38  4.5005E-38  4.5005E-38  4.5005E-38  1.6238E-01  0.0000E+00  4.6515E-05  4.5005E-38  4.0207E-32  0.0000E+00  1.8130E-11  4.5005E-38
  4.5005E-38  8.3756E-01  4.5005E-38  4.5005E-38  4.5005E-38  4.5005E-38  4.5005E-38  4.5005E-38  1.6238E-01  0.0000E+00  4.6515E-05  4.5005E-38  3.6187E-33  0.0000E+00  5.4390E-12  4.5005E-38
  4.5005E-38  8.3757E-01  4.5005E-38  4.5005E-38  4.5005E-38  4.5005E-38  4.5005E-38  4.5005E-38  1.6238E-01  0.0000E+00  4.6515E-05  4.5005E-38  1.9573E-35  0.0000E+00  1.8130E-12  4.5005E-38
  4.5005E-38  8.3757E-01  4.5005E-38  4.5005E-38  4.5005E-38  4.5005E-38  4.5005E-38  4.5005E-38  1.6238E-01  0.0000E+00  4.6516E-05  4.5005E-38  1.5854E-37  0.0000E+00  5.4391E-13  4.5005E-38
  4.5001E-38  8.3749E-01  4.5001E-38  4.5001E-38  4.5001E-38  4.5001E-38  4.5001E-38  4.5001E-38  1.6236E-01  0.0000E+00  4.6511E-05  4.5001E-38  2.6327E-17  0.0000E+00  8.1877E-05  4.5001E-38
  4.5001E-38  8.3749E-01  4.5001E-38  4.5001E-38  4.5001E-38  4.5001E-38  4.5001E-38  4.5001E-38  1.6236E-01  0.0000E+00  4.6511E-05  4.5001E-38  2.9252E-18  0.0000E+00  8.1877E-05  4.5001E-38
  4.5002E-38  8.3750E-01  4.5002E-38  4.5002E-38  4.5002E-38  4.5002E-38  4.5002E-38  4.5002E-38  1.6237E-01  0.0000E+00  4.6512E-05  4.5002E-38  2.6327E-19  0.0000E+00  7.1227E-05  4.5002E-38
  4.5004E-38  8.3754E-01  4.5004E-38  4.5004E-38  4.5004E-38  4.5004E-38  4.5004E-38  4.5004E-38  1.6237E-01  0.0000E+00  4.6514E-05  4.5004E-38  2.9253E-20  0.0000E+00  2.3743E-05  4.5004E-38
  4.5004E-38  8.3755E-01  4.5004E-38  4.5004E-38  4.5004E-38  4.5004E-38  4.5004E-38  4.5004E-38  1.6238E-01  0.0000E+00  4.6515E-05  4.5004E-38  2.6329E-21  0.0000E+00  7.1231E-06  4.5004E-38
  4.5005E-38  8.3756E-01  4.5005E-38  4.5005E-38  4.5005E-38  4.5005E-38  4.5005E-38  4.5005E-38  1.6238E-01  0.0000E+00  4.6515E-05  4.5005E-38  2.9254E-22  0.0000E+00  2.3744E-06  4.5005E-38
  4.5005E-38  8.3756E-01  4.5005E-38  4.5005E-38  4.5005E-38  4.5005E-38  4.5005E-38  4.5005E-38  1.6238E-01  0.0000E+00  4.6515E-05  4.5005E-38  2.6329E-23  0.0000E+00  7.1232E-07  4.5005E-38
  4.5005E-38  8.3756E-01  4.5005E-38  4.5005E-38  4.5005E-38  4.5005E-38  4.5005E-38  4.5005E-38  1.6238E-01  0.0000E+00  4.6515E-05  4.5005E-38  2.9254E-24  0.0000E+00  2.3744E-07  4.5005E-38
  4.5005E-38  8.3756E-01  4.5005E-38  4.5005E-38  4.5005E-38  4.5005E-38  4.5005E-38  4.5005E-38  1.6238E-01  0.0000E+00  4.6515E-05  4.5005E-38  2.6329E-25  0.0000E+00  7.1232E-08  4.5005E-38
  4.5005E-38  8.3756E-01  4.5005E-38  4.5005E-38  4.5005E-38  4.5005E-38  4.5005E-38  4.5005E-38  1.6238E-01  0.0000E+00  4.6515E-05  4.5005E-38  2.9254E-26  0.0000E+00  2.3744E-08  4.5005E-38
  4.5005E-38  8.3756E-01  4.5005E-38  4.5005E-38  4.5005E-38  4.5005E-38  4.5005E-38  4.5005E-38  1.6238E-01  0.0000E+00  4.6515E-05  4.5005E-38  2.6329E-27  0.0000E+00  7.1232E-09  4.5005E-38
  4.5005E-38  8.3756E-01  4.5005E-38  4.5005E-38  4.5005E-38  4.5005E-38  4.5005E-38  4.5005E-38  1.6238E-01  0.0000E+00  4.6515E-05  4.5005E-38  2.9254E-28  0.0000E+00  2.3744E-09  4.5005E-38
  4.5005E-38  8.3756E-01  4.5005E-38  4.5005E-38  4.5005E-38  4.5005E-38  4.5005E-38  4.5005E-38  1.6238E-01  0.0000E+00  4.6515E-05  4.5005E-38  2.6329E-29  0.0000E+00  7.1232E-10  4.5005E-38
  4.5005E-38  8.3756E-01  4.5005E-38  4.5005E-38  4.5005E-38  4.5005E-38  4.5005E-38  4.5005E-38  1.6238E-01  0.0000E+00  4.6515E-05  4.5005E-38  2.9254E-30  0.0000E+00  2.3744E-10  4.5005E-38
  4.5005E-38  8.3756E-01  4.5005E-38  4.5005E-38  4.5005E-38  4.5005E-38  4.5005E-38  4.5005E-38  1.6238E-01  0.0000E+00  4.6515E-05  4.5005E-38  2.6329E-31  0.0000E+00  7.1232E-11  4.5005E-38
  4.5005E-38  8.3756E-01  4.5005E-38  4.5005E-38  4.5005E-38  4.5005E-38  4.5005E-38  4.5005E-38  1.6238E-01  0.0000E+00  4.6515E-05  4.5005E-38  2.9254E-32  0.0000E+00  2.3744E-11  4.5005E-38
  4.5005E-38  8.3757E-01  4.5005E-38  4.5005E-38  4.5005E-38  4.5005E-38  4.5005E-38  4.5005E-38  1.6238E-01  0.0000E+00  4.6515E-05  4.5005E-38  3.4248E-34  0.0000E+00  7.1232E-12  4.5005E-38
  4.5001E-38  8.3749E-01  4.5001E-38  4.5001E-38  4.5001E-38  4.5001E-38  4.5001E-38  4.5001E-38  1.6236E-01  0.0000E+00  4.6511E-05  4.5001E-38  1.1785E-15  0.0000E+00  8.1877E-05  4.5001E-38
  4.5001E-38  8.3749E-01  4.5001E-38  4.5001E-38  4.5001E-38  4.5001E-38  4.5001E-38  4.5001E-38  1.6236E-01  0.0000E+00  4.6511E-05  4.5001E-38  1.3095E-16  0.0000E+00  8.1877E-05  4.5001E-38
  4.5001E-38  8.3749E-01  4.5001E-38  4.5001E-38  4.5001E-38  4.5001E-38  4.5001E-38  4.5001E-38  1.6236E-01  0.0000E+00  4.6511E-05  4.5001E-38  1.1785E-17  0.0000E+00  8.1877E-05  4.5001E-38
  4.5001E-38  8.3749E-01  4.5001E-38  4.5001E-38  4.5001E-38  4.5001E-38  4.5001E-38  4.5001E-38  1.6236E-01  0.0000E+00  4.6511E-05  4.5001E-38  1.3095E-18  0.0000E+00  8.1877E-05  4.5001E-38
  4.5002E-38  8.3750E-01  4.5002E-38  4.5002E-38  4.5002E-38  4.5002E-38  4.5002E-38  4.5002E-38  1.6237E-01  0.0000E+00  4.6512E-05  4.5002E-38  1.1785E-19  0.0000E+00  6.8924E-05  4.5002E-38
  4.5004E-38  8.3754E-01  4.5004E-38  4.5004E-38  4.5004E-38  4.5004E-38  4.5004E-38  4.5004E-38  1.6237E-01  0.0000E+00  4.6514E-05  4.5004E-38  1.3096E-20  0.0000E+00  2.2976E-05  4.5004E-38
  4.5004E-38  8.3755E-01  4.5004E-38  4.5004E-38  4.5004E-38  4.5004E-38  4.5004E-38  4.5004E-38  1.6238E-01  0.0000E+00  4.6515E-05  4.5004E-38  1.1786E-21  0.0000E+00  6.8928E-06  4.5004E-38
  4.5005E-38  8.3756E-01  4.5005E-38  4.5005E-38  4.5005E-38  4.5005E-38  4.5005E-38  4.5005E-38  1.6238E-01  0.0000E+00  4.6515E-05  4.5005E-38  1.3096E-22  0.0000E+00  2.2976E-06  4.5005E-38
  4.5005E-38  8.3756E-01  4.5005E-38  4.5005E-38  4.5005E-38  4.5005E-38  4.5005E-38  4.5005E-38  1.6238E-01  0.0000E+00  4.6515E-05  4.5005E-38  1.1786E-23  0.0000E+00  6.8928E-07  4.5005E-38
  4.5005E-38  8.3756E-01  4.5005E-38  4.5005E-38  4.5005E-38  4.5005E-38  4.5005E-38  4.5005E-38  1.6238E-01  0.0000E+00  4.6515E-05  4.5005E-38  1.3096E-24  0.0000E+00  2.2976E-07  4.5005E-38
  4.5005E-38  8.3756E-01  4.5005E-38  4.5005E-38  4.5005E-38  4.5005E-38  4.5005E-38  4.5005E-38  1.6238E-01  0.0000E+00  4.6515E-05  4.5005E-38  1.1786E-25  0.0000E+00  6.8928E-08  4.5005E-38
  4.5005E-38  8.3756E-01  4.5005E-38  4.5005E-38  4.5005E-38  4.5005E-38  4.5005E-38  4.5005E-38  1.6238E-01  0.0000E+00  4.6515E-05  4.5005E-38  1.3096E-26  0.0000E+00  2.2977E-08  4.5005E-38
  4.5005E-38  8.3756E-01  4.5005E-38  4.5005E-38  4.5005E-38  4.5005E-38  4.5005E-38  4.5005E-38  1.6238E-01  0.0000E+00  4.6515E-05  4.5005E-38  1.1786E-27  0.0000E+00  6.8928E-09  4.5005E-38
  4.5005E-38  8.3756E-01  4.5005E-38  4.5005E-38  4.5005E-38  4.5005E-38  4.5005E-38  4.5005E-38  1.6238E-01  0.0000E+00  4.6515E-05  4.5005E-38  1.3096E-28  0.0000E+00  2.2977E-09  4.5005E-38
  4.5005E-38  8.3756E-01  4.5005E-38  4.5005E-38  4.5005E-38  4.5005E-38  4.5005E-38  4.5005E-38  1.6238E-01  0.0000E+00  4.6515E-05  4.5005E-38  1.1786E-29  0.0000E+00  6.8929E-10  4.5005E-38
  4.5005E-38  8.3756E-01  4.5005E-38  4.5005E-38  4.5005E-38  4.5005E-38  4.5005E-38  4.5005E-38  1.6238E-01  0.0000E+00  4.6515E-05  4.5005E-38  1.3096E-30  0.0000E+00  2.2977E-10  4.5005E-38
  4.5005E-38  8.3756E-01  4.5005E-38  4.5005E-38  4.5005E-38  4.5005E-38  4.5005E-38  4.5005E-38  1.6238E-01  0.0000E+00  4.6515E-05  4.5005E-38  1.1786E-31  0.0000E+00  6.8929E-11  4.5005E-38
  4.5001E-38  8.3749E-01  4.5001E-38  4.5001E-38  4.5001E-38  4.5001E-38  4.5001E-38  4.5001E-38  1.6236E-01  0.0000E+00  4.6511E-05  4.5001E-38  3.5167E-14  0.0000E+00  8.1877E-05  4.5001E-38
  4.5001E-38  8.3749E-01  4.5001E-38  4.5001E-38  4.5001E-38  4.5001E-38  4.5001E-38  4.5001E-38  1.6236E-01  0.0000E+00  4.6511E-05  4.5001E-38  3.9075E-15  0.0000E+00  8.1877E-05  4.5001E-38
  4.5001E-38  8.3749E-01  4.5001E-38  4.5001E-38  4.5001E-38  4.5001E-38  4.5001E-38  4.5001E-38  1.6236E-01  0.0000E+00  4.6511E-05  4.5001E-38  3.5167E-16  0.0000E+00  8.1877E-05  4.5001E-38
  4.5001E-38  8.3749E-01  4.5001E-38  4.5001E-38  4.5001E-38  4.5001E-38  4.5001E-38  4.5001E-38  1.6236E-01  0.0000E+00  4.6511E-05  4.5001E-38  3.9075E-17  0.0000E+00  8.1876E-05  4.5001E-38
  4.5001E-38  8.3749E-01  4.5001E-38  4.5001E-38  4.5001E-38  4.5001E-38  4.5001E-38  4.5001E-38  1.6236E-01  0.0000E+00  4.6511E-05  4.5001E-38  3.5167E-18  0.0000E+00  8.1877E-05  4.5001E-38
  4.5001E-38  8.3749E-01  4.5001E-38  4.5001E-38  4.5001E-38  4.5001E-38  4.5001E-38  4.5001E-38  1.6236E-01  0.0000E+00  4.6511E-05  4.5001E-38  3.9075E-19  0.0000E+00  8.1877E-05  4.5001E-38
  4.5002E-38  8.3752E-01  4.5002E-38  4.5002E-38  4.5002E-38  4.5002E-38  4.5002E-38  4.5002E-38  1.6237E-01  0.0000E+00  4.6513E-05  4.5002E-38  3.5168E-20  0.0000E+00  5.1830E-05  4.5002E-38
  4.5004E-38  8.3755E-01  4.5004E-38  4.5004E-38  4.5004E-38  4.5004E-38  4.5004E-38  4.5004E-38  1.6237E-01  0.0000E+00  4.6514E-05  4.5004E-38  3.9077E-21  0.0000E+00  1.7278E-05  4.5004E-38
  4.5005E-38  8.3756E-01  4.5005E-38  4.5005E-38  4.5005E-38  4.5005E-38  4.5005E-38  4.5005E-38  1.6238E-01  0.0000E+00  4.6515E-05  4.5005E-38  3.5171E-22  0.0000E+00  5.1832E-06  4.5005E-38
  4.5005E-38  8.3756E-01  4.5005E-38  4.5005E-38  4.5005E-38  4.5005E-38  4.5005E-38  4.5005E-38  1.6238E-01  0.0000E+00  4.6515E-05  4.5005E-38  3.9078E-23  0.0000E+00  1.7278E-06  4.5005E-38
  4.5005E-38  8.3756E-01  4.5005E-38  4.5005E-38  4.5005E-38  4.5005E-38  4.5005E-38  4.5005E-38  1.6238E-01  0.0000E+00  4.6515E-05  4.5005E-38  3.5171E-24  0.0000E+00  5.1832E-07  4.5005E-38
  4.5005E-38  8.3756E-01  4.5005E-38  4.5005E-38  4.5005E-38  4.5005E-38  4.5005E-38  4.5005E-38  1.6238E-01  0.0000E+00  4.6515E-05  4.5005E-38  3.9078E-25  0.0000E+00  1.7278E-07  4.5005E-38
  4.5005E-38  8.3756E-01  4.5005E-38  4.5005E-38  4.5005E-38  4.5005E-38  4.5005E-38  4.5005E-38  1.6238E-01  0.0000E+00  4.6515E-05  4.5005E-38  3.5171E-26  0.0000E+00  5.1833E-08  4.5005E-38
  4.5005E-38  8.3756E-01  4.5005E-38  4.5005E-38  4.5005E-38  4.5005E-38  4.5005E-38  4.5005E-38  1.6238E-01  0.0000E+00  4.6515E-05  4.5005E-38  3.9078E-27  0.0000E+00  1.7278E-08  4.5005E-38
  4.5005E-38  8.3756E-01  4.5005E-38  4.5005E-38  4.5005E-38  4.5005E-38  4.5005E-38  4.5005E-38  1.6238E-01  0.0000E+00  4.6515E-05  4.5005E-38  3.5171E-28  0.0000E+00  5.1833E-09  4.5005E-38
  4.5005E-38  8.3756E-01  4.5005E-38  4.5005E-38  4.5005E-38  4.5005E-38  4.5005E-38  4.5005E-38  1.6238E-01  0.0000E+00  4.6515E-05  4.5005E-38  3.9078E-29  0.0000E+00  1.7278E-09  4.5005E-38
  4.5005E-38  8.3756E-01  4.5005E-38  4.5005E-38  4.5005E-38  4.5005E-38  4.5005E-38  4.5005E-38  1.6238E-01  0.0000E+00  4.6515E-05  4.5005E-38  3.5171E-30  0.0000E+00  5.1833E-10  4.5005E-38
  4.5001E-38  8.3749E-01  4.5001E-38  4.5001E-38  4.5001E-38  4.5001E-38  4.5001E-38  4.5001E-38  1.6236E-01  0.0000E+00  4.6511E-05  3.4789E-37  7.4516E-13  0.0000E+00  8.1877E-05  4.5001E-38
  4.5001E-38  8.3749E-01  4.5001E-38  4.5001E-38  4.5001E-38  4.5001E-38  4.5001E-38  4.5001E-38  1.6236E-01  0.0000E+00  4.6511E-05  4.5001E-38  8.2796E-14  0.0000E+00  8.1876E-05  4.5001E-38
  4.5001E-38  8.3749E-01  4.5001E-38  4.5001E-38  4.5001E-38  4.5001E-38  4.5001E-38  4.5001E-38  1.6236E-01  0.0000E+00  4.6511E-05  4.5001E-38  7.4516E-15  0.0000E+00  8.1877E-05  4.5001E-38
  4.5001E-38  8.3749E-01  4.5001E-38  4.5001E-38  4.5001E-38  4.5001E-38  4.5001E-38  4.5001E-38  1.6236E-01  0.0000E+00  4.6511E-05  4.5001E-38  8.2796E-16  0.0000E+00  8.1877E-05  4.5001E-38
  4.5001E-38  8.3749E-01  4.5001E-38  4.5001E-38  4.5001E-38  4.5001E-38  4.5001E-38  4.5001E-38  1.6236E-01  0.0000E+00  4.6511E-05  4.5001E-38  7.4516E-17  0.0000E+00  8.1877E-05  4.5001E-38
  4.5001E-38  8.3749E-01  4.5001E-38  4.5001E-38  4.5001E-38  4.5001E-38  4.5001E-38  4.5001E-38  1.6236E-01  0.0000E+00  4.6511E-05  4.5001E-38  8.2796E-18  0.0000E+00  8.1876E-05  4.5001E-38
  4.5001E-38  8.3749E-01  4.5001E-38  4.5001E-38  4.5001E-38  4.5001E-38  4.5001E-38  4.5001E-38  1.6236E-01  0.0000E+00  4.6511E-05  4.5001E-38  7.4517E-19  0.0000E+00  8.1877E-05  4.5001E-38
  4.5001E-38  8.3749E-01  4.5001E-38  4.5001E-38  4.5001E-38  4.5001E-38  4.5001E-38  4.5001E-38  1.6236E-01  0.0000E+00  4.6511E-05  4.5001E-38  8.2797E-20  0.0000E+00  8.1877E-05  4.5001E-38
  4.5003E-38  8.3753E-01  4.5003E-38  4.5003E-38  4.5003E-38  4.5003E-38  4.5003E-38  4.5003E-38  1.6237E-01  0.0000E+00  4.6514E-05  4.5003E-38  7.4522E-21  0.0000E+00  3.1518E-05  4.5003E-38
  4.5004E-38  8.3755E-01  4.5004E-38  4.5004E-38  4.5004E-38  4.5004E-38  4.5004E-38  4.5004E-38  1.6238E-01  0.0000E+00  4.6515E-05  4.5004E-38  8.2803E-22  0.0000E+00  1.0506E-05  4.5004E-38
  4.5005E-38  8.3756E-01  4.5005E-38  4.5005E-38  4.5005E-38  4.5005E-38  4.5005E-38  4.5005E-38  1.6238E-01  0.0000E+00  4.6515E-05  4.5005E-38  7.4524E-23  0.0000E+00  3.1519E-06  4.5005E-38
  4.5005E-38  8.3756E-01  4.5005E-38  4.5005E-38  4.5005E-38  4.5005E-38  4.5005E-38  4.5005E-38  1.6238E-01  0.0000E+00  4.6515E-05  4.5005E-38  8.2804E-24  0.0000E+00  1.0506E-06  4.5005E-38
  4.5005E-38  8.3756E-01  4.5005E-38  4.5005E-38  4.5005E-38  4.5005E-38  4.5005E-38  4.5005E-38  1.6238E-01  0.0000E+00  4.6515E-05  4.5005E-38  7.4524E-25  0.0000E+00  3.1519E-07  4.5005E-38
  4.5005E-38  8.3756E-01  4.5005E-38  4.5005E-38  4.5005E-38  4.5005E-38  4.5005E-38  4.5005E-38  1.6238E-01  0.0000E+00  4.6515E-05  4.5005E-38  8.2804E-26  0.0000E+00  1.0506E-07  4.5005E-38
  4.5005E-38  8.3756E-01  4.5005E-38  4.5005E-38  4.5005E-38  4.5005E-38  4.5005E-38  4.5005E-38  1.6238E-01  0.0000E+00  4.6515E-05  4.5005E-38  7.4524E-27  0.0000E+00  3.1519E-08  4.5005E-38
  4.5005E-38  8.3756E-01  4.5005E-38  4.5005E-38  4.5005E-38  4.5005E-38  4.5005E-38  4.5005E-38  1.6238E-01  0.0000E+00  4.6515E-05  4.5005E-38  8.2804E-28  0.0000E+00  1.0506E-08  4.5005E-38
  4.5005E-38  8.3756E-01  4.5005E-38  4.5005E-38  4.5005E-38  4.5005E-38  4.5005E-38  4.5005E-38  1.6238E-01  0.0000E+00  4.6515E-05  4.5005E-38  7.4524E-29  0.0000E+00  3.1519E-09  4.5005E-38
  4.5001E-38  8.3749E-01  4.5001E-38  4.5001E-38  4.5001E-38  4.5001E-38  4.5001E-38  4.5001E-38  1.6236E-01  0.0000E+00  4.6511E-05  6.5430E-35  1.1796E-11  0.0000E+00  8.1877E-05  4.5001E-38
  4.5001E-38  8.3749E-01  4.5001E-38  4.5001E-38  4.5001E-38  4.5001E-38  4.5001E-38  4.5001E-38  1.6236E-01  0.0000E+00  4.6511E-05  7.2699E-36  1.3106E-12  0.0000E+00  8.1876E-05  4.5001E-38
  4.5001E-38  8.3749E-01  4.5001E-38  4.5001E-38  4.5001E-38  4.5001E-38  4.5001E-38  4.5001E-38  1.6236E-01  0.0000E+00  4.6511E-05  6.5430E-37  1.1796E-13  0.0000E+00  8.1876E-05  4.5001E-38
  4.5001E-38  8.3749E-01  4.5001E-38  4.5001E-38  4.5001E-38  4.5001E-38  4.5001E-38  4.5001E-38  1.6236E-01  0.0000E+00  4.6511E-05  7.2700E-38  1.3106E-14  0.0000E+00  8.1877E-05  4.5001E-38
  4.5001E-38  8.3749E-01  4.5001E-38  4.5001E-38  4.5001E-38  4.5001E-38  4.5001E-38  4.5001E-38  1.6236E-01  0.0000E+00  4.6511E-05  4.5001E-38  1.1796E-15  0.0000E+00  8.1877E-05  4.5001E-38
  4.5001E-38  8.3749E-01  4.5001E-38  4.5001E-38  4.5001E-38  4.5001E-38  4.5001E-38  4.5001E-38  1.6236E-01  0.0000E+00  4.6511E-05  4.5001E-38  1.3106E-16  0.0000E+00  8.1877E-05  4.5001E-38
  4.5001E-38  8.3749E-01  4.5001E-38  4.5001E-38  4.5001E-38  4.5001E-38  4.5001E-38  4.5001E-38  1.6236E-01  0.0000E+00  4.6511E-05  4.5001E-38  1.1796E-17  0.0000E+00  8.1877E-05  4.5001E-38
  4.5001E-38  8.3749E-01  4.5001E-38  4.5001E-38  4.5001E-38  4.5001E-38  4.5001E-38  4.5001E-38  1.6236E-01  0.0000E+00  4.6511E-05  4.5001E-38  1.3106E-18  0.0000E+00  8.1876E-05  4.5001E-38
  4.5001E-38  8.3749E-01  4.5001E-38  4.5001E-38  4.5001E-38  4.5001E-38  4.5001E-38  4.5001E-38  1.6236E-01  0.0000E+00  4.6511E-05  4.5001E-38  1.1796E-19  0.0000E+00  8.1877E-05  4.5001E-38
  4.5002E-38  8.3752E-01  4.5002E-38  4.5002E-38  4.5002E-38  4.5002E-38  4.5002E-38  4.5002E-38  1.6237E-01  0.0000E+00  4.6512E-05  4.5002E-38  1.3107E-20  0.0000E+00  5.3334E-05  4.5002E-38
  4.5004E-38  8.3755E-01  4.5004E-38  4.5004E-38  4.5004E-38  4.5004E-38  4.5004E-38  4.5004E-38  1.6237E-01  0.0000E+00  4.6514E-05  4.5004E-38  1.1797E-21  0.0000E+00  1.6000E-05  4.5004E-38
  4.5005E-38  8.3756E-01  4.5005E-38  4.5005E-38  4.5005E-38  4.5005E-38  4.5005E-38  4.5005E-38  1.6238E-01  0.0000E+00  4.6515E-05  4.5005E-38  1.3107E-22  0.0000E+00  5.3336E-06  4.5005E-38
  4.5005E-38  8.3756E-01  4.5005E-38  4.5005E-38  4.5005E-38  4.5005E-38  4.5005E-38  4.5005E-38  1.6238E-01  0.0000E+00  4.6515E-05  4.5005E-38  1.1797E-23  0.0000E+00  1.6001E-06  4.5005E-38
  4.5005E-38  8.3756E-01  4.5005E-38  4.5005E-38  4.5005E-38  4.5005E-38  4.5005E-38  4.5005E-38  1.6238E-01  0.0000E+00  4.6515E-05  4.5005E-38  1.3107E-24  0.0000E+00  5.3337E-07  4.5005E-38
  4.5005E-38  8.3756E-01  4.5005E-38  4.5005E-38  4.5005E-38  4.5005E-38  4.5005E-38  4.5005E-38  1.6238E-01  0.0000E+00  4.6515E-05  4.5005E-38  1.1797E-25  0.0000E+00  1.6001E-07  4.5005E-38
  4.5005E-38  8.3756E-01  4.5005E-38  4.5005E-38  4.5005E-38  4.5005E-38  4.5005E-38  4.5005E-38  1.6238E-01  0.0000E+00  4.6515E-05  4.5005E-38  1.3107E-26  0.0000E+00  5.3337E-08  4.5005E-38
  4.5005E-38  8.3756E-01  4.5005E-38  4.5005E-38  4.5005E-38  4.5005E-38  4.5005E-38  4.5005E-38  1.6238E-01  0.0000E+00  4.6515E-05  4.5005E-38  1.1797E-27  0.0000E+00  1.6001E-08  4.5005E-38
  4.5001E-38  8.3749E-01  4.5001E-38  4.5001E-38  4.5001E-38  4.5001E-38  4.5001E-38  4.5001E-38  1.6236E-01  0.0000E+00  4.6511E-05  7.4733E-33  1.4535E-10  0.0000E+00  8.1876E-05  7.0536E-37
  4.5001E-38  8.3749E-01  4.5001E-38  4.5001E-38  4.5001E-38  4.5001E-38  4.5001E-38  4.5001E-38  1.6236E-01  0.0000E+00  4.6511E-05  8.3037E-34  1.6151E-11  0.0000E+00  8.1877E-05  7.8374E-38
  4.5001E-38  8.3749E-01  4.5001E-38  4.5001E-38  4.5001E-38  4.5001E-38  4.5001E-38  4.5001E-38  1.6236E-01  0.0000E+00  4.6511E-05  7.4734E-35  1.4536E-12  0.0000E+00  8.1877E-05  4.5001E-38
  4.5001E-38  8.3749E-01  4.5001E-38  4.5001E-38  4.5001E-38  4.5001E-38  4.5001E-38  4.5001E-38  1.6236E-01  0.0000E+00  4.6511E-05  8.3037E-36  1.6151E-13  0.0000E+00  8.1877E-05  4.5001E-38
  4.5001E-38  8.3749E-01  4.5001E-38  4.5001E-38  4.5001E-38  4.5001E-38  4.5001E-38  4.5001E-38  1.6236E-01  0.0000E+00  4.6511E-05  7.4732E-37  1.4536E-14  0.0000E+00  8.1876E-05  4.5001E-38
