e- H2 H H+ H- H2- H2+ H3+ He Ar CH4 CO2 N2 O2 H2O CO
  4.5017E-38  8.3741E-01  4.5017E-38  4.5017E-38  4.5017E-38  4.5017E-38  4.5017E-38  4.5017E-38  1.6244E-01  0.0000E+00  1.4715E-04  4.5017E-38  4.5017E-38  0.0000E+00  7.2628E-23  4.5017E-38
  4.5017E-38  8.3741E-01  4.5017E-38  4.5017E-38  4.5017E-38  4.5017E-38  4.5017E-38  4.5017E-38  1.6244E-01  0.0000E+00  1.4715E-04  4.5017E-38  4.5017E-38  0.0000E+00  2.4209E-23  4.5017E-38
  4.5017E-38  8.3741E-01  4.5017E-38  4.5017E-38  4.5017E-38  4.5017E-38  4.5017E-38  4.5017E-38  1.6244E-01  0.0000E+00  1.4715E-04  4.5017E-38  4.5017E-38  0.0000E+00  7.2628E-24  4.5017E-38
  4.5017E-38  8.3741E-01  4.5017E-38  4.5017E-38  4.5017E-38  4.5017E-38  4.5017E-38  4.5017E-38  1.6244E-01  0.0000E+00  1.4715E-04  4.5017E-38  4.5017E-38  0.0000E+00  2.4209E-24  4.5017E-38
  4.5017E-38  8.3741E-01  4.5017E-38  4.5017E-38  4.5017E-38  4.5017E-38  4.5017E-38  4.5017E-38  1.6244E-01  0.0000E+00  1.4715E-04  4.5017E-38  4.5017E-38  0.0000E+00  7.2628E-25  4.5017E-38
  4.5017E-38  8.3741E-01  4.5017E-38  4.5017E-38  4.5017E-38  4.5017E-38  4.5017E-38  4.5017E-38  1.6244E-01  0.0000E+00  1.4715E-04  4.5017E-38  4.5017E-38  0.0000E+00  2.4209E-25  4.5017E-38
  4.5017E-38  8.3741E-01  4.5017E-38  4.5017E-38  4.5017E-38  4.5017E-38  4.5017E-38  4.5017E-38  1.6244E-01  0.0000E+00  1.4715E-04  4.5017E-38  4.5017E-38  0.0000E+00  7.2628E-26  4.5017E-38
  4.5017E-38  8.3741E-01  4.5017E-38  4.5017E-38  4.5017E-38  4.5017E-38  4.5017E-38  4.5017E-38  1.6244E-01  0.0000E+00  1.4715E-04  4.5017E-38  4.5017E-38  0.0000E+00  2.4209E-26  4.5017E-38
  4.5017E-38  8.3741E-01  4.5017E-38  4.5017E-38  4.5017E-38  4.5017E-38  4.5017E-38  4.5017E-38  1.6244E-01  0.0000E+00  1.4715E-04  4.5017E-38  4.5017E-38  0.0000E+00  7.2628E-27  4.5017E-38
  4.5017E-38  8.3741E-01  4.5017E-38  4.5017E-38  4.5017E-38  4.5017E-38  4.5017E-38  4.5017E-38  1.6244E-01  0.0000E+00  1.4715E-04  4.5017E-38  4.5017E-38  0.0000E+00  2.4209E-27  4.5017E-38
  4.5017E-38  8.3741E-01  4.5017E-38  4.5017E-38  4.5017E-38  4.5017E-38  4.5017E-38  4.5017E-38  1.6244E-01  0.0000E+00  1.4715E-04  4.5017E-38  4.5017E-38  0.0000E+00  7.2628E-28  4.5017E-38
  4.5017E-38  8.3741E-01  4.5017E-38  4.5017E-38  4.5017E-38  4.5017E-38  4.5017E-38  4.5017E-38  1.6244E-01  0.0000E+00  1.4715E-04  4.5017E-38  4.5017E-38  0.0000E+00  2.4209E-28  4.5017E-38
  4.5017E-38  8.3741E-01  4.5017E-38  4.5017E-38  4.5017E-38  4.5017E-38  4.5017E-38  4.5017E-38  1.6244E-01  0.0000E+00  1.4715E-04  4.5017E-38  4.5017E-38  0.0000E+00  7.2628E-29  4.5017E-38
  4.5017E-38  8.3741E-01  4.5017E-38  4.5017E-38  4.5017E-38  4.5017E-38  4.5017E-38  4.5017E-38  1.6244E-01  0.0000E+00  1.4715E-04  4.5017E-38  4.5017E-38  0.0000E+00  2.4209E-29  4.5017E-38
  4.5017E-38  8.3741E-01  4.5017E-38  4.5017E-38  4.5017E-38  4.5017E-38  4.5017E-38  4.5017E-38  1.6244E-01  0.0000E+00  1.4715E-04  4.5017E-38  4.5017E-38  0.0000E+00  7.2628E-30  4.5017E-38
  4.5015E-38  8.3737E-01  4.5015E-38  4.5015E-38  4.5015E-38  4.5015E-38  4.5015E-38  4.5015E-38  1.6244E-01  0.0000E+00  1.4714E-04  4.5015E-38  8.2944E-33  0.0000E+00  6.2856E-14  4.5015E-38
  4.5015E-38  8.3737E-01  4.5015E-38  4.5015E-38  4.5015E-38  4.5015E-38  4.5015E-38  4.5015E-38  1.6244E-01  0.0000E+00  1.4714E-04  4.5015E-38  9.2159E-34  0.0000E+00  2.0952E-14  4.5015E-38
  4.5015E-38  8.3737E-01  4.5015E-38  4.5015E-38  4.5015E-38  4.5015E-38  4.5015E-38  4.5015E-38  1.6244E-01  0.0000E+00  1.4714E-04  4.5015E-38  8.2944E-35  0.0000E+00  6.2856E-15  4.5015E-38
  4.5016E-38  8.3738E-01  4.5016E-38  4.5016E-38  4.5016E-38  4.5016E-38  4.5016E-38  4.5016E-38  1.6244E-01  0.0000E+00  1.4714E-04  4.5016E-38  4.5016E-38  0.0000E+00  2.0952E-15  4.5016E-38
  4.5017E-38  8.3740E-01  4.5017E-38  4.5017E-38  4.5017E-38  4.5017E-38  4.5017E-38  4.5017E-38  1.6244E-01  0.0000E+00  1.4714E-04  4.5017E-38  4.5017E-38  0.0000E+00  6.2858E-16  4.5017E-38
  4.5017E-38  8.3741E-01  4.5017E-38  4.5017E-38  4.5017E-38  4.5017E-38  4.5017E-38  4.5017E-38  1.6244E-01  0.0000E+00  1.4715E-04  4.5017E-38  4.5017E-38  0.0000E+00  2.0953E-16  4.5017E-38
  4.5017E-38  8.3741E-01  4.5017E-38  4.5017E-38  4.5017E-38  4.5017E-38  4.5017E-38  4.5017E-38  1.6244E-01  0.0000E+00  1.4715E-04  4.5017E-38  4.5017E-38  0.0000E+00  6.2859E-17  4.5017E-38
  4.5017E-38  8.3741E-01  4.5017E-38  4.5017E-38  4.5017E-38  4.5017E-38  4.5017E-38  4.5017E-38  1.6244E-01  0.0000E+00  1.4715E-04  4.5017E-38  4.5017E-38  0.0000E+00  2.0953E-17  4.5017E-38
  4.5017E-38  8.3741E-01  4.5017E-38  4.5017E-38  4.5017E-38  4.5017E-38  4.5017E-38  4.5017E-38  1.6244E-01  0.0000E+00  1.4715E-04  4.5017E-38  4.5017E-38  0.0000E+00  6.2859E-18  4.5017E-38
  4.5017E-38  8.3741E-01  4.5017E-38  4.5017E-38  4.5017E-38  4.5017E-38  4.5017E-38  4.5017E-38  1.6244E-01  0.0000E+00  1.4715E-04  4.5017E-38  4.5017E-38  0.0000E+00  2.0953E-18  4.5017E-38
  4.5017E-38  8.3741E-01  4.5017E-38  4.5017E-38  4.5017E-38  4.5017E-38  4.5017E-38  4.5017E-38  1.6244E-01  0.0000E+00  1.4715E-04  4.5017E-38  4.5017E-38  0.0000E+00  6.2859E-19  4.5017E-38
  4.5017E-38  8.3741E-01  4.5017E-38  4.5017E-38  4.5017E-38  4.5017E-38  4.5017E-38  4.5017E-38  1.6244E-01  0.0000E+00  1.4715E-04  4.5017E-38  4.5017E-38  0.0000E+00  2.0953E-19  4.5017E-38
  4.5017E-38  8.3741E-01  4.5017E-38  4.5017E-38  4.5017E-38  4.5017E-38  4.5017E-38  4.5017E-38  1.6244E-01  0.0000E+00  1.4715E-04  4.5017E-38  4.5017E-38  0.0000E+00  6.2859E-20  4.5017E-38
  4.5017E-38  8.3741E-01  4.5017E-38  4.5017E-38  4.5017E-38  4.5017E-38  4.5017E-38  4.5017E-38  1.6244E-01  0.0000E+00  1.4715E-04  4.5017E-38  4.5017E-38  0.0000E+00  2.0953E-20  4.5017E-38
  4.5017E-38  8.3741E-01  4.5017E-38  4.5017E-38  4.5017E-38  4.5017E-38  4.5017E-38  4.5017E-38  1.6244E-01  0.0000E+00  1.4715E-04  4.5017E-38  4.5017E-38  0.0000E+00  6.2859E-21  4.5017E-38
  4.5017E-38  8.3741E-01  4.5017E-38  4.5017E-38  4.5017E-38  4.5017E-38  4.5017E-38  4.5017E-38  1.6244E-01  0.0000E+00  1.4715E-04  4.5017E-38  4.5017E-38  0.0000E+00  2.0953E-21  4.5017E-38
  4.5015E-38  8.3737E-01  4.5015E-38  4.5015E-38  4.5015E-38  4.5015E-38  4.5015E-38  4.5015E-38  1.6244E-01  0.0000E+00  1.4714E-04  4.5015E-38  7.4755E-29  0.0000E+00  1.7210E-11  4.5015E-38
  4.5015E-38  8.3737E-01  4.5015E-38  4.5015E-38  4.5015E-38  4.5015E-38  4.5015E-38  4.5015E-38  1.6244E-01  0.0000E+00  1.4714E-04  4.5015E-38  8.3061E-30  0.0000E+00  5.7367E-12  4.5015E-38
  4.5015E-38  8.3737E-01  4.5015E-38  4.5015E-38  4.5015E-38  4.5015E-38  4.5015E-38  4.5015E-38  1.6244E-01  0.0000E+00  1.4714E-04  4.5015E-38  7.4755E-31  0.0000E+00  1.7210E-12  4.5015E-38
  4.5015E-38  8.3737E-01  4.5015E-38  4.5015E-38  4.5015E-38  4.5015E-38  4.5015E-38  4.5015E-38  1.6244E-01  0.0000E+00  1.4714E-04  4.5015E-38  8.3061E-32  0.0000E+00  5.7367E-13  4.5015E-38
  4.5015E-38  8.3737E-01  4.5015E-38  4.5015E-38  4.5015E-38  4.5015E-38  4.5015E-38  4.5015E-38  1.6244E-01  0.0000E+00  1.4714E-04  4.5015E-38  7.4755E-33  0.0000E+00  1.7210E-13  4.5015E-38
  4.5015E-38  8.3737E-01  4.5015E-38  4.5015E-38  4.5015E-38  4.5015E-38  4.5015E-38  4.5015E-38  1.6244E-01  0.0000E+00  1.4714E-04  4.5015E-38  8.3061E-34  0.0000E+00  5.7367E-14  4.5015E-38
  4.5016E-38  8.3739E-01  4.5016E-38  4.5016E-38  4.5016E-38  4.5016E-38  4.5016E-38  4.5016E-38  1.6244E-01  0.0000E+00  1.4714E-04  4.5016E-38  6.3112E-37  0.0000E+00  1.7210E-14  4.5016E-38
  4.5017E-38  8.3740E-01  4.5017E-38  4.5017E-38  4.5017E-38  4.5017E-38  4.5017E-38  4.5017E-38  1.6244E-01  0.0000E+00  1.4714E-04  4.5017E-38  4.5017E-38  0.0000E+00  5.7369E-15  4.5017E-38
  4.5017E-38  8.3741E-01  4.5017E-38  4.5017E-38  4.5017E-38  4.5017E-38  4.5017E-38  4.5017E-38  1.6244E-01  0.0000E+00  1.4715E-04  4.5017E-38  4.5017E-38  0.0000E+00  1.7211E-15  4.5017E-38
  4.5017E-38  8.3741E-01  4.5017E-38  4.5017E-38  4.5017E-38  4.5017E-38  4.5017E-38  4.5017E-38  1.6244E-01  0.0000E+00  1.4715E-04  4.5017E-38  4.5017E-38  0.0000E+00  5.7370E-16  4.5017E-38
  4.5017E-38  8.3741E-01  4.5017E-38  4.5017E-38  4.5017E-38  4.5017E-38  4.5017E-38  4.5017E-38  1.6244E-01  0.0000E+00  1.4715E-04  4.5017E-38  4.5017E-38  0.0000E+00  1.7211E-16  4.5017E-38
  4.5017E-38  8.3741E-01  4.5017E-38  4.5017E-38  4.5017E-38  4.5017E-38  4.5017E-38  4.5017E-38  1.6244E-01  0.0000E+00  1.4715E-04  4.5017E-38  4.5017E-38  0.0000E+00  5.7370E-17  4.5017E-38
  4.5017E-38  8.3741E-01  4.5017E-38  4.5017E-38  4.5017E-38  4.5017E-38  4.5017E-38  4.5017E-38  1.6244E-01  0.0000E+00  1.4715E-04  4.5017E-38  4.5017E-38  0.0000E+00  1.7211E-17  4.5017E-38
  4.5017E-38  8.3741E-01  4.5017E-38  4.5017E-38  4.5017E-38  4.5017E-38  4.5017E-38  4.5017E-38  1.6244E-01  0.0000E+00  1.4715E-04  4.5017E-38  4.5017E-38  0.0000E+00  5.7370E-18  4.5017E-38
  4.5017E-38  8.3741E-01  4.5017E-38  4.5017E-38  4.5017E-38  4.5017E-38  4.5017E-38  4.5017E-38  1.6244E-01  0.0000E+00  1.4715E-04  4.5017E-38  4.5017E-38  0.0000E+00  1.7211E-18  4.5017E-38
  4.5017E-38  8.3741E-01  4.5017E-38  4.5017E-38  4.5017E-38  4.5017E-38  4.5017E-38  4.5017E-38  1.6244E-01  0.0000E+00  1.4715E-04  4.5017E-38  4.5017E-38  0.0000E+00  5.7370E-19  4.5017E-38
  4.5017E-38  8.3741E-01  4.5017E-38  4.5017E-38  4.5017E-38  4.5017E-38  4.5017E-38  4.5017E-38  1.6244E-01  0.0000E+00  1.4715E-04  4.5017E-38  4.5017E-38  0.0000E+00  1.7211E-19  4.5017E-38
  4.5015E-38  8.3737E-01  4.5015E-38  4.5015E-38  4.5015E-38  4.5015E-38  4.5015E-38  4.5015E-38  1.6243E-01  0.0000E+00  1.4714E-04  4.5015E-38  1.5476E-25  0.0000E+00  1.8492E-09  4.5015E-38
  4.5015E-38  8.3737E-01  4.5015E-38  4.5015E-38  4.5015E-38  4.5015E-38  4.5015E-38  4.5015E-38  1.6244E-01  0.0000E+00  1.4714E-04  4.5015E-38  1.7196E-26  0.0000E+00  6.1640E-10  4.5015E-38
  4.5015E-38  8.3737E-01  4.5015E-38  4.5015E-38  4.5015E-38  4.5015E-38  4.5015E-38  4.5015E-38  1.6244E-01  0.0000E+00  1.4714E-04  4.5015E-38  1.5476E-27  0.0000E+00  1.8492E-10  4.5015E-38
  4.5015E-38  8.3737E-01  4.5015E-38  4.5015E-38  4.5015E-38  4.5015E-38  4.5015E-38  4.5015E-38  1.6244E-01  0.0000E+00  1.4714E-04  4.5015E-38  1.7196E-28  0.0000E+00  6.1640E-11  4.5015E-38
  4.5015E-38  8.3737E-01  4.5015E-38  4.5015E-38  4.5015E-38  4.5015E-38  4.5015E-38  4.5015E-38  1.6244E-01  0.0000E+00  1.4714E-04  4.5015E-38  1.5476E-29  0.0000E+00  1.8492E-11  4.5015E-38
  4.5015E-38  8.3737E-01  4.5015E-38  4.5015E-38  4.5015E-38  4.5015E-38  4.5015E-38  4.5015E-38  1.6244E-01  0.0000E+00  1.4714E-04  4.5015E-38  1.7196E-30  0.0000E+00  6.1640E-12  4.5015E-38
  4.5015E-38  8.3737E-01  4.5015E-38  4.5015E-38  4.5015E-38  4.5015E-38  4.5015E-38  4.5015E-38  1.6244E-01  0.0000E+00  1.4714E-04  4.5015E-38  1.5476E-31  0.0000E+00  1.8492E-12  4.5015E-38
  4.5015E-38  8.3737E-01  4.5015E-38  4.5015E-38  4.5015E-38  4.5015E-38  4.5015E-38  4.5015E-38  1.6244E-01  0.0000E+00  1.4714E-04  4.5015E-38  1.7196E-32  0.0000E+00  6.1640E-13  4.5015E-38
  4.5015E-38  8.3737E-01  4.5015E-38  4.5015E-38  4.5015E-38  4.5015E-38  4.5015E-38  4.5015E-38  1.6244E-01  0.0000E+00  1.4714E-04  4.5015E-38  1.5476E-33  0.0000E+00  1.8492E-13  4.5015E-38
  4.5017E-38  8.3740E-01  4.5017E-38  4.5017E-38  4.5017E-38  4.5017E-38  4.5017E-38  4.5017E-38  1.6244E-01  0.0000E+00  1.4714E-04  4.5017E-38  9.0024E-37  0.0000E+00  6.1642E-14  4.5017E-38
  4.5017E-38  8.3741E-01  4.5017E-38  4.5017E-38  4.5017E-38  4.5017E-38  4.5017E-38  4.5017E-38  1.6244E-01  0.0000E+00  1.4715E-04  4.5017E-38  4.5017E-38  0.0000E+00  1.8493E-14  4.5017E-38
  4.5017E-38  8.3741E-01  4.5017E-38  4.5017E-38  4.5017E-38  4.5017E-38  4.5017E-38  4.5017E-38  1.6244E-01  0.0000E+00  1.4715E-04  4.5017E-38  4.5017E-38  0.0000E+00  6.1642E-15  4.5017E-38
  4.5017E-38  8.3741E-01  4.5017E-38  4.5017E-38  4.5017E-38  4.5017E-38  4.5017E-38  4.5017E-38  1.6244E-01  0.0000E+00  1.4715E-04  4.5017E-38  4.5017E-38  0.0000E+00  1.8493E-15  4.5017E-38
  4.5017E-38  8.3741E-01  4.5017E-38  4.5017E-38  4.5017E-38  4.5017E-38  4.5017E-38  4.5017E-38  1.6244E-01  0.0000E+00  1.4715E-04  4.5017E-38  4.5017E-38  0.0000E+00  6.1643E-16  4.5017E-38
  4.5017E-38  8.3741E-01  4.5017E-38  4.5017E-38  4.5017E-38  4.5017E-38  4.5017E-38  4.5017E-38  1.6244E-01  0.0000E+00  1.4715E-04  4.5017E-38  4.5017E-38  0.0000E+00  1.8493E-16  4.5017E-38
  4.5017E-38  8.3741E-01  4.5017E-38  4.5017E-38  4.5017E-38  4.5017E-38  4.5017E-38  4.5017E-38  1.6244E-01  0.0000E+00  1.4715E-04  4.5017E-38  4.5017E-38  0.0000E+00  6.1643E-17  4.5017E-38
  4.5017E-38  8.3741E-01  4.5017E-38  4.5017E-38  4.5017E-38  4.5017E-38  4.5017E-38  4.5017E-38  1.6244E-01  0.0000E+00  1.4715E-04  4.5017E-38  4.5017E-38  0.0000E+00  1.8493E-17  4.5017E-38
  4.5015E-38  8.3737E-01  4.5015E-38  4.5015E-38  4.5015E-38  4.5015E-38  4.5015E-38  4.5015E-38  1.6243E-01  0.0000E+00  1.4714E-04  4.5015E-38  1.0257E-22  0.0000E+00  9.6757E-08  4.5015E-38
  4.5015E-38  8.3737E-01  4.5015E-38  4.5015E-38  4.5015E-38  4.5015E-38  4.5015E-38  4.5015E-38  1.6243E-01  0.0000E+00  1.4714E-04  4.5015E-38  1.1398E-23  0.0000E+00  3.2253E-08  4.5015E-38
  4.5015E-38  8.3737E-01  4.5015E-38  4.5015E-38  4.5015E-38  4.5015E-38  4.5015E-38  4.5015E-38  1.6243E-01  0.0000E+00  1.4714E-04  4.5015E-38  1.0257E-24  0.0000E+00  9.6758E-09  4.5015E-38
  4.5015E-38  8.3737E-01  4.5015E-38  4.5015E-38  4.5015E-38  4.5015E-38  4.5015E-38  4.5015E-38  1.6243E-01  0.0000E+00  1.4714E-04  4.5015E-38  1.1398E-25  0.0000E+00  3.2253E-09  4.5015E-38
  4.5015E-38  8.3737E-01  4.5015E-38  4.5015E-38  4.5015E-38  4.5015E-38  4.5015E-38  4.5015E-38  1.6244E-01  0.0000E+00  1.4714E-04  4.5015E-38  1.0257E-26  0.0000E+00  9.6758E-10  4.5015E-38
  4.5015E-38  8.3737E-01  4.5015E-38  4.5015E-38  4.5015E-38  4.5015E-38  4.5015E-38  4.5015E-38  1.6244E-01  0.0000E+00  1.4714E-04  4.5015E-38  1.1398E-27  0.0000E+00  3.2253E-10  4.5015E-38
  4.5015E-38  8.3737E-01  4.5015E-38  4.5015E-38  4.5015E-38  4.5015E-38  4.5015E-38  4.5015E-38  1.6244E-01  0.0000E+00  1.4714E-04  4.5015E-38  1.0257E-28  0.0000E+00  9.6758E-11  4.5015E-38
  4.5015E-38  8.3737E-01  4.5015E-38  4.5015E-38  4.5015E-38  4.5015E-38  4.5015E-38  4.5015E-38  1.6244E-01  0.0000E+00  1.4714E-04  4.5015E-38  1.1398E-29  0.0000E+00  3.2253E-11  4.5015E-38
  4.5015E-38  8.3737E-01  4.5015E-38  4.5015E-38  4.5015E-38  4.5015E-38  4.5015E-38  4.5015E-38  1.6244E-01  0.0000E+00  1.4714E-04  4.5015E-38  1.0257E-30  0.0000E+00  9.6758E-12  4.5015E-38
  4.5015E-38  8.3737E-01  4.5015E-38  4.5015E-38  4.5015E-38  4.5015E-38  4.5015E-38  4.5015E-38  1.6244E-01  0.0000E+00  1.4714E-04  4.5015E-38  1.1398E-31  0.0000E+00  3.2253E-12  4.5015E-38
  4.5015E-38  8.3737E-01  4.5015E-38  4.5015E-38  4.5015E-38  4.5015E-38  4.5015E-38  4.5015E-38  1.6244E-01  0.0000E+00  1.4714E-04  4.5015E-38  1.0257E-32  0.0000E+00  9.6758E-13  4.5015E-38
  4.5016E-38  8.3740E-01  4.5016E-38  4.5016E-38  4.5016E-38  4.5016E-38  4.5016E-38  4.5016E-38  1.6244E-01  0.0000E+00  1.4714E-04  4.5016E-38  1.2143E-35  0.0000E+00  3.2254E-13  4.5016E-38
  4.5017E-38  8.3741E-01  4.5017E-38  4.5017E-38  4.5017E-38  4.5017E-38  4.5017E-38  4.5017E-38  1.6244E-01  0.0000E+00  1.4715E-04  4.5017E-38  9.8366E-38  0.0000E+00  9.6761E-14  4.5017E-38
  4.5017E-38  8.3741E-01  4.5017E-38  4.5017E-38  4.5017E-38  4.5017E-38  4.5017E-38  4.5017E-38  1.6244E-01  0.0000E+00  1.4715E-04  4.5017E-38  4.5017E-38  0.0000E+00  3.2254E-14  4.5017E-38
  4.5017E-38  8.3741E-01  4.5017E-38  4.5017E-38  4.5017E-38  4.5017E-38  4.5017E-38  4.5017E-38  1.6244E-01  0.0000E+00  1.4715E-04  4.5017E-38  4.5017E-38  0.0000E+00  9.6762E-15  4.5017E-38
  4.5017E-38  8.3741E-01  4.5017E-38  4.5017E-38  4.5017E-38  4.5017E-38  4.5017E-38  4.5017E-38  1.6244E-01  0.0000E+00  1.4715E-04  4.5017E-38  4.5017E-38  0.0000E+00  3.2254E-15  4.5017E-38
  4.5017E-38  8.3741E-01  4.5017E-38  4.5017E-38  4.5017E-38  4.5017E-38  4.5017E-38  4.5017E-38  1.6244E-01  0.0000E+00  1.4715E-04  4.5017E-38  4.5017E-38  0.0000E+00  9.6762E-16  4.5017E-38
  4.5015E-38  8.3737E-01  4.5015E-38  4.5015E-38  4.5015E-38  4.5015E-38  4.5015E-38  4.5015E-38  1.6243E-01  0.0000E+00  1.4714E-04  4.5015E-38  2.7667E-20  0.0000E+00  2.8764E-06  4.5015E-38
  4.5015E-38  8.3737E-01  4.5015E-38  4.5015E-38  4.5015E-38  4.5015E-38  4.5015E-38  4.5015E-38  1.6243E-01  0.0000E+00  1.4714E-04  4.5015E-38  3.0741E-21  0.0000E+00  9.5882E-07  4.5015E-38
  4.5015E-38  8.3737E-01  4.5015E-38  4.5015E-38  4.5015E-38  4.5015E-38  4.5015E-38  4.5015E-38  1.6243E-01  0.0000E+00  1.4714E-04  4.5015E-38  2.7667E-22  0.0000E+00  2.8765E-07  4.5015E-38
  4.5015E-38  8.3737E-01  4.5015E-38  4.5015E-38  4.5015E-38  4.5015E-38  4.5015E-38  4.5015E-38  1.6243E-01  0.0000E+00  1.4714E-04  4.5015E-38  3.0741E-23  0.0000E+00  9.5882E-08  4.5015E-38
  4.5015E-38  8.3737E-01  4.5015E-38  4.5015E-38  4.5015E-38  4.5015E-38  4.5015E-38  4.5015E-38  1.6243E-01  0.0000E+00  1.4714E-04  4.5015E-38  2.7667E-24  0.0000E+00  2.8765E-08  4.5015E-38
  4.5015E-38  8.3737E-01  4.5015E-38  4.5015E-38  4.5015E-38  4.5015E-38  4.5015E-38  4.5015E-38  1.6244E-01  0.0000E+00  1.4714E-04  4.5015E-38  3.0741E-25  0.0000E+00  9.5882E-09  4.5015E-38
  4.5015E-38  8.3737E-01  4.5015E-38  4.5015E-38  4.5015E-38  4.5015E-38  4.5015E-38  4.5015E-38  1.6243E-01  0.0000E+00  1.4714E-04  4.5015E-38  2.7667E-26  0.0000E+00  2.8765E-09  4.5015E-38
  4.5015E-38  8.3737E-01  4.5015E-38  4.5015E-38  4.5015E-38  4.5015E-38  4.5015E-38  4.5015E-38  1.6244E-01  0.0000E+00  1.4714E-04  4.5015E-38  3.0741E-27  0.0000E+00  9.5883E-10  4.5015E-38
  4.5015E-38  8.3737E-01  4.5015E-38  4.5015E-38  4.5015E-38  4.5015E-38  4.5015E-38  4.5015E-38  1.6244E-01  0.0000E+00  1.4714E-04  4.5015E-38  2.7667E-28  0.0000E+00  2.8765E-10  4.5015E-38
  4.5015E-38  8.3737E-01  4.5015E-38  4.5015E-38  4.5015E-38  4.5015E-38  4.5015E-38  4.5015E-38  1.6244E-01  0.0000E+00  1.4714E-04  4.5015E-38  3.0741E-29  0.0000E+00  9.5883E-11  4.5015E-38
  4.5015E-38  8.3737E-01  4.5015E-38  4.5015E-38  4.5015E-38  4.5015E-38  4.5015E-38  4.5015E-38  1.6244E-01  0.0000E+00  1.4714E-04  4.5015E-38  2.7667E-30  0.0000E+00  2.8765E-11  4.5015E-38
  4.5015E-38  8.3737E-01  4.5015E-38  4.5015E-38  4.5015E-38  4.5015E-38  4.5015E-38  4.5015E-38  1.6244E-01  0.0000E+00  1.4714E-04  4.5015E-38  3.0741E-31  0.0000E+00  9.5883E-12  4.5015E-38
  4.5016E-38  8.3738E-01  4.5016E-38  4.5016E-38  4.5016E-38  4.5016E-38  4.5016E-38  4.5016E-38  1.6244E-01  0.0000E+00  1.4714E-04  4.5016E-38  2.4545E-33  0.0000E+00  2.8765E-12  4.5016E-38
  4.5017E-38  8.3740E-01  4.5017E-38  4.5017E-38  4.5017E-38  4.5017E-38  4.5017E-38  4.5017E-38  1.6244E-01  0.0000E+00  1.4714E-04  4.5017E-38  3.0304E-35  0.0000E+00  9.5886E-13  4.5017E-38
  4.5017E-38  8.3741E-01  4.5017E-38  4.5017E-38  4.5017E-38  4.5017E-38  4.5017E-38  4.5017E-38  1.6244E-01  0.0000E+00  1.4715E-04  4.5017E-38  2.4546E-37  0.0000E+00  2.8766E-13  4.5017E-38
  4.5017E-38  8.3741E-01  4.5017E-38  4.5017E-38  4.5017E-38  4.5017E-38  4.5017E-38  4.5017E-38  1.6244E-01  0.0000E+00  1.4715E-04  4.5017E-38  4.5017E-38  0.0000E+00  9.5887E-14  4.5017E-38
  4.5017E-38  8.3741E-01  4.5017E-38  4.5017E-38  4.5017E-38  4.5017E-38  4.5017E-38  4.5017E-38  1.6244E-01  0.0000E+00  1.4715E-04  4.5017E-38  4.5017E-38  0.0000E+00  2.8766E-14  4.5017E-38
  4.5012E-38  8.3732E-01  4.5012E-38  4.5012E-38  4.5012E-38  4.5012E-38  4.5012E-38  4.5012E-38  1.6242E-01  0.0000E+00  1.4713E-04  4.5012E-38  3.6251E-18  0.0000E+00  5.4399E-05  4.5012E-38
  4.5014E-38  8.3735E-01  4.5014E-38  4.5014E-38  4.5014E-38  4.5014E-38  4.5014E-38  4.5014E-38  1.6243E-01  0.0000E+00  1.4714E-04  4.5014E-38  4.0281E-19  0.0000E+00  1.8134E-05  4.5014E-38
  4.5015E-38  8.3736E-01  4.5015E-38  4.5015E-38  4.5015E-38  4.5015E-38  4.5015E-38  4.5015E-38  1.6243E-01  0.0000E+00  1.4714E-04  4.5015E-38  3.6253E-20  0.0000E+00  5.4402E-06  4.5015E-38
  4.5015E-38  8.3737E-01  4.5015E-38  4.5015E-38  4.5015E-38  4.5015E-38  4.5015E-38  4.5015E-38  1.6243E-01  0.0000E+00  1.4714E-04  4.5015E-38  4.0281E-21  0.0000E+00  1.8134E-06  4.5015E-38
  4.5015E-38  8.3737E-01  4.5015E-38  4.5015E-38  4.5015E-38  4.5015E-38  4.5015E-38  4.5015E-38  1.6243E-01  0.0000E+00  1.4714E-04  4.5015E-38  3.6253E-22  0.0000E+00  5.4402E-07  4.5015E-38
  4.5015E-38  8.3737E-01  4.5015E-38  4.5015E-38  4.5015E-38  4.5015E-38  4.5015E-38  4.5015E-38  1.6243E-01  0.0000E+00  1.4714E-04  4.5015E-38  4.0281E-23  0.0000E+00  1.8134E-07  4.5015E-38
  4.5015E-38  8.3737E-01  4.5015E-38  4.5015E-38  4.5015E-38  4.5015E-38  4.5015E-38  4.5015E-38  1.6243E-01  0.0000E+00  1.4714E-04  4.5015E-38  3.6253E-24  0.0000E+00  5.4402E-08  4.5015E-38
  4.5015E-38  8.3737E-01  4.5015E-38  4.5015E-38  4.5015E-38  4.5015E-38  4.5015E-38  4.5015E-38  1.6243E-01  0.0000E+00  1.4714E-04  4.5015E-38  4.0282E-25  0.0000E+00  1.8134E-08  4.5015E-38
  4.5015E-38  8.3737E-01  4.5015E-38  4.5015E-38  4.5015E-38  4.5015E-38  4.5015E-38  4.5015E-38  1.6243E-01  0.0000E+00  1.4714E-04  4.5015E-38  3.6253E-26  0.0000E+00  5.4402E-09  4.5015E-38
  4.5015E-38  8.3737E-01  4.5015E-38  4.5015E-38  4.5015E-38  4.5015E-38  4.5015E-38  4.5015E-38  1.6244E-01  0.0000E+00  1.4714E-04  4.5015E-38  4.0282E-27  0.0000E+00  1.8134E-09  4.5015E-38
  4.5015E-38  8.3737E-01  4.5015E-38  4.5015E-38  4.5015E-38  4.5015E-38  4.5015E-38  4.5015E-38  1.6244E-01  0.0000E+00  1.4714E-04  4.5015E-38  3.6253E-28  0.0000E+00  5.4402E-10  4.5015E-38
  4.5015E-38  8.3737E-01  4.5015E-38  4.5015E-38  4.5015E-38  4.5015E-38  4.5015E-38  4.5015E-38  1.6244E-01  0.0000E+00  1.4714E-04  4.5015E-38  4.0282E-29  0.0000E+00  1.8134E-10  4.5015E-38
  4.5015E-38  8.3737E-01  4.5015E-38  4.5015E-38  4.5015E-38  4.5015E-38  4.5015E-38  4.5015E-38  1.6244E-01  0.0000E+00  1.4714E-04  4.5015E-38  3.6253E-30  0.0000E+00  5.4402E-11  4.5015E-38
  4.5015E-38  8.3737E-01  4.5015E-38  4.5015E-38  4.5015E-38  4.5015E-38  4.5015E-38  4.5015E-38  1.6244E-01  0.0000E+00  1.4714E-04  4.5015E-38  4.0282E-31  0.0000E+00  1.8134E-11  4.5015E-38
  4.5016E-38  8.3739E-01  4.5016E-38  4.5016E-38  4.5016E-38  4.5016E-38  4.5016E-38  4.5016E-38  1.6244E-01  0.0000E+00  1.4714E-04  4.5016E-38  1.5880E-33  0.0000E+00  5.4404E-12  4.5016E-38
  4.5017E-38  8.3741E-01  4.5017E-38  4.5017E-38  4.5017E-38  4.5017E-38  4.5017E-38  4.5017E-38  1.6244E-01  0.0000E+00  1.4715E-04  4.5017E-38  1.9604E-35  0.0000E+00  1.8135E-12  4.5017E-38
  4.5017E-38  8.3741E-01  4.5017E-38  4.5017E-38  4.5017E-38  4.5017E-38  4.5017E-38  4.5017E-38  1.6244E-01  0.0000E+00  1.4715E-04  4.5017E-38  1.5880E-37  0.0000E+00  5.4405E-13  4.5017E-38
  4.5003E-38  8.3715E-01  4.5003E-38  4.5003E-38  4.5003E-38  4.5003E-38  4.5003E-38  4.5003E-38  1.6239E-01  0.0000E+00  1.4710E-04  4.5003E-38  2.6370E-16  0.0000E+00  2.5896E-04  4.5003E-38
  4.5004E-38  8.3717E-01  4.5004E-38  4.5004E-38  4.5004E-38  4.5004E-38  4.5004E-38  4.5004E-38  1.6240E-01  0.0000E+00  1.4710E-04  4.5004E-38  2.9301E-17  0.0000E+00  2.3743E-04  4.5004E-38
  4.5012E-38  8.3731E-01  4.5012E-38  4.5012E-38  4.5012E-38  4.5012E-38  4.5012E-38  4.5012E-38  1.6242E-01  0.0000E+00  1.4713E-04  4.5012E-38  2.6375E-18  0.0000E+00  7.1243E-05  4.5012E-38
  4.5014E-38  8.3735E-01  4.5014E-38  4.5014E-38  4.5014E-38  4.5014E-38  4.5014E-38  4.5014E-38  1.6243E-01  0.0000E+00  1.4714E-04  4.5014E-38  2.9307E-19  0.0000E+00  2.3748E-05  4.5014E-38
  4.5015E-38  8.3736E-01  4.5015E-38  4.5015E-38  4.5015E-38  4.5015E-38  4.5015E-38  4.5015E-38  1.6243E-01  0.0000E+00  1.4714E-04  4.5015E-38  2.6378E-20  0.0000E+00  7.1247E-06  4.5015E-38
  4.5015E-38  8.3737E-01  4.5015E-38  4.5015E-38  4.5015E-38  4.5015E-38  4.5015E-38  4.5015E-38  1.6243E-01  0.0000E+00  1.4714E-04  4.5015E-38  2.9309E-21  0.0000E+00  2.3749E-06  4.5015E-38
  4.5015E-38  8.3737E-01  4.5015E-38  4.5015E-38  4.5015E-38  4.5015E-38  4.5015E-38  4.5015E-38  1.6243E-01  0.0000E+00  1.4714E-04  4.5015E-38  2.6378E-22  0.0000E+00  7.1248E-07  4.5015E-38
  4.5015E-38  8.3737E-01  4.5015E-38  4.5015E-38  4.5015E-38  4.5015E-38  4.5015E-38  4.5015E-38  1.6243E-01  0.0000E+00  1.4714E-04  4.5015E-38  2.9309E-23  0.0000E+00  2.3749E-07  4.5015E-38
  4.5015E-38  8.3737E-01  4.5015E-38  4.5015E-38  4.5015E-38  4.5015E-38  4.5015E-38  4.5015E-38  1.6243E-01  0.0000E+00  1.4714E-04  4.5015E-38  2.6378E-24  0.0000E+00  7.1248E-08  4.5015E-38
  4.5015E-38  8.3737E-01  4.5015E-38  4.5015E-38  4.5015E-38  4.5015E-38  4.5015E-38  4.5015E-38  1.6244E-01  0.0000E+00  1.4714E-04  4.5015E-38  2.9309E-25  0.0000E+00  2.3749E-08  4.5015E-38
  4.5015E-38  8.3737E-01  4.5015E-38  4.5015E-38  4.5015E-38  4.5015E-38  4.5015E-38  4.5015E-38  1.6243E-01  0.0000E+00  1.4714E-04  4.5015E-38  2.6378E-26  0.0000E+00  7.1248E-09  4.5015E-38
  4.5015E-38  8.3737E-01  4.5015E-38  4.5015E-38  4.5015E-38  4.5015E-38  4.5015E-38  4.5015E-38  1.6244E-01  0.0000E+00  1.4714E-04  4.5015E-38  2.9309E-27  0.0000E+00  2.3749E-09  4.5015E-38
  4.5015E-38  8.3737E-01  4.5015E-38  4.5015E-38  4.5015E-38  4.5015E-38  4.5015E-38  4.5015E-38  1.6244E-01  0.0000E+00  1.4714E-04  4.5015E-38  2.6378E-28  0.0000E+00  7.1248E-10  4.5015E-38
  4.5015E-38  8.3737E-01  4.5015E-38  4.5015E-38  4.5015E-38  4.5015E-38  4.5015E-38  4.5015E-38  1.6244E-01  0.0000E+00  1.4714E-04  4.5015E-38  2.9309E-29  0.0000E+00  2.3749E-10  4.5015E-38
  4.5015E-38  8.3737E-01  4.5015E-38  4.5015E-38  4.5015E-38  4.5015E-38  4.5015E-38  4.5015E-38  1.6244E-01  0.0000E+00  1.4714E-04  4.5015E-38  2.6378E-30  0.0000E+00  7.1248E-11  4.5015E-38
  4.5016E-38  8.3738E-01  4.5016E-38  4.5016E-38  4.5016E-38  4.5016E-38  4.5016E-38  4.5016E-38  1.6244E-01  0.0000E+00  1.4714E-04  4.5016E-38  4.2350E-32  0.0000E+00  2.3749E-11  4.5016E-38
  4.5017E-38  8.3740E-01  4.5017E-38  4.5017E-38  4.5017E-38  4.5017E-38  4.5017E-38  4.5017E-38  1.6244E-01  0.0000E+00  1.4714E-04  4.5017E-38  3.4304E-34  0.0000E+00  7.1251E-12  4.5017E-38
  4.5003E-38  8.3715E-01  4.5003E-38  4.5003E-38  4.5003E-38  4.5003E-38  4.5003E-38  4.5003E-38  1.6239E-01  0.0000E+00  1.4710E-04  4.5003E-38  1.1805E-14  0.0000E+00  2.5897E-04  4.5003E-38
  4.5003E-38  8.3715E-01  4.5003E-38  4.5003E-38  4.5003E-38  4.5003E-38  4.5003E-38  4.5003E-38  1.6239E-01  0.0000E+00  1.4710E-04  4.5003E-38  1.3116E-15  0.0000E+00  2.5896E-04  4.5003E-38
  4.5003E-38  8.3715E-01  4.5003E-38  4.5003E-38  4.5003E-38  4.5003E-38  4.5003E-38  4.5003E-38  1.6239E-01  0.0000E+00  1.4710E-04  4.5003E-38  1.1805E-16  0.0000E+00  2.5896E-04  4.5003E-38
  4.5005E-38  8.3718E-01  4.5005E-38  4.5005E-38  4.5005E-38  4.5005E-38  4.5005E-38  4.5005E-38  1.6240E-01  0.0000E+00  1.4710E-04  4.5005E-38  1.3116E-17  0.0000E+00  2.2976E-04  4.5005E-38
  4.5012E-38  8.3731E-01  4.5012E-38  4.5012E-38  4.5012E-38  4.5012E-38  4.5012E-38  4.5012E-38  1.6242E-01  0.0000E+00  1.4713E-04  4.5012E-38  1.1807E-18  0.0000E+00  6.8939E-05  4.5012E-38
  4.5014E-38  8.3735E-01  4.5014E-38  4.5014E-38  4.5014E-38  4.5014E-38  4.5014E-38  4.5014E-38  1.6243E-01  0.0000E+00  1.4714E-04  4.5014E-38  1.3120E-19  0.0000E+00  2.2981E-05  4.5014E-38
  4.5015E-38  8.3736E-01  4.5015E-38  4.5015E-38  4.5015E-38  4.5015E-38  4.5015E-38  4.5015E-38  1.6243E-01  0.0000E+00  1.4714E-04  4.5015E-38  1.1808E-20  0.0000E+00  6.8943E-06  4.5015E-38
  4.5015E-38  8.3737E-01  4.5015E-38  4.5015E-38  4.5015E-38  4.5015E-38  4.5015E-38  4.5015E-38  1.6243E-01  0.0000E+00  1.4714E-04  4.5015E-38  1.3120E-21  0.0000E+00  2.2982E-06  4.5015E-38
  4.5015E-38  8.3737E-01  4.5015E-38  4.5015E-38  4.5015E-38  4.5015E-38  4.5015E-38  4.5015E-38  1.6243E-01  0.0000E+00  1.4714E-04  4.5015E-38  1.1808E-22  0.0000E+00  6.8944E-07  4.5015E-38
  4.5015E-38  8.3737E-01  4.5015E-38  4.5015E-38  4.5015E-38  4.5015E-38  4.5015E-38  4.5015E-38  1.6243E-01  0.0000E+00  1.4714E-04  4.5015E-38  1.3120E-23  0.0000E+00  2.2982E-07  4.5015E-38
  4.5015E-38  8.3737E-01  4.5015E-38  4.5015E-38  4.5015E-38  4.5015E-38  4.5015E-38  4.5015E-38  1.6243E-01  0.0000E+00  1.4714E-04  4.5015E-38  1.1808E-24  0.0000E+00  6.8944E-08  4.5015E-38
  4.5015E-38  8.3737E-01  4.5015E-38  4.5015E-38  4.5015E-38  4.5015E-38  4.5015E-38  4.5015E-38  1.6244E-01  0.0000E+00  1.4714E-04  4.5015E-38  1.3120E-25  0.0000E+00  2.2982E-08  4.5015E-38
  4.5015E-38  8.3737E-01  4.5015E-38  4.5015E-38  4.5015E-38  4.5015E-38  4.5015E-38  4.5015E-38  1.6243E-01  0.0000E+00  1.4714E-04  4.5015E-38  1.1808E-26  0.0000E+00  6.8944E-09  4.5015E-38
  4.5015E-38  8.3737E-01  4.5015E-38  4.5015E-38  4.5015E-38  4.5015E-38  4.5015E-38  4.5015E-38  1.6244E-01  0.0000E+00  1.4714E-04  4.5015E-38  1.3120E-27  0.0000E+00  2.2982E-09  4.5015E-38
  4.5015E-38  8.3737E-01  4.5015E-38  4.5015E-38  4.5015E-38  4.5015E-38  4.5015E-38  4.5015E-38  1.6244E-01  0.0000E+00  1.4714E-04  4.5015E-38  1.1808E-28  0.0000E+00  6.8944E-10  4.5015E-38
  4.5015E-38  8.3737E-01  4.5015E-38  4.5015E-38  4.5015E-38  4.5015E-38  4.5015E-38  4.5015E-38  1.6244E-01  0.0000E+00  1.4714E-04  4.5015E-38  1.3120E-29  0.0000E+00  2.2982E-10  4.5015E-38
  4.5016E-38  8.3738E-01  4.5016E-38  4.5016E-38  4.5016E-38  4.5016E-38  4.5016E-38  4.5016E-38  1.6244E-01  0.0000E+00  1.4714E-04  4.5016E-38  3.0029E-31  0.0000E+00  6.8945E-11  4.5016E-38
  4.5003E-38  8.3715E-01  4.5003E-38  4.5003E-38  4.5003E-38  4.5003E-38  4.5003E-38  4.5003E-38  1.6239E-01  0.0000E+00  1.4710E-04  4.5003E-38  3.5225E-13  0.0000E+00  2.5896E-04  4.5003E-38
  4.5003E-38  8.3715E-01  4.5003E-38  4.5003E-38  4.5003E-38  4.5003E-38  4.5003E-38  4.5003E-38  1.6239E-01  0.0000E+00  1.4710E-04  4.5003E-38  3.9139E-14  0.0000E+00  2.5896E-04  4.5003E-38
  4.5003E-38  8.3715E-01  4.5003E-38  4.5003E-38  4.5003E-38  4.5003E-38  4.5003E-38  4.5003E-38  1.6239E-01  0.0000E+00  1.4710E-04  4.5003E-38  3.5225E-15  0.0000E+00  2.5896E-04  4.5003E-38
  4.5003E-38  8.3715E-01  4.5003E-38  4.5003E-38  4.5003E-38  4.5003E-38  4.5003E-38  4.5003E-38  1.6239E-01  0.0000E+00  1.4710E-04  4.5003E-38  3.9139E-16  0.0000E+00  2.5896E-04  4.5003E-38
  4.5003E-38  8.3715E-01  4.5003E-38  4.5003E-38  4.5003E-38  4.5003E-38  4.5003E-38  4.5003E-38  1.6239E-01  0.0000E+00  1.4710E-04  4.5003E-38  3.5225E-17  0.0000E+00  2.5896E-04  4.5003E-38
  4.5007E-38  8.3722E-01  4.5007E-38  4.5007E-38  4.5007E-38  4.5007E-38  4.5007E-38  4.5007E-38  1.6241E-01  0.0000E+00  1.4711E-04  4.5007E-38  3.9142E-18  0.0000E+00  1.7279E-04  4.5007E-38
  4.5013E-38  8.3732E-01  4.5013E-38  4.5013E-38  4.5013E-38  4.5013E-38  4.5013E-38  4.5013E-38  1.6243E-01  0.0000E+00  1.4713E-04  4.5013E-38  3.5233E-19  0.0000E+00  5.1841E-05  4.5013E-38
  4.5014E-38  8.3735E-01  4.5014E-38  4.5014E-38  4.5014E-38  4.5014E-38  4.5014E-38  4.5014E-38  1.6243E-01  0.0000E+00  1.4714E-04  4.5014E-38  3.9149E-20  0.0000E+00  1.7281E-05  4.5014E-38
  4.5015E-38  8.3736E-01  4.5015E-38  4.5015E-38  4.5015E-38  4.5015E-38  4.5015E-38  4.5015E-38  1.6243E-01  0.0000E+00  1.4714E-04  4.5015E-38  3.5236E-21  0.0000E+00  5.1844E-06  4.5015E-38
  4.5015E-38  8.3736E-01  4.5015E-38  4.5015E-38  4.5015E-38  4.5015E-38  4.5015E-38  4.5015E-38  1.6244E-01  0.0000E+00  1.4714E-04  4.5015E-38  3.9151E-22  0.0000E+00  1.7282E-06  4.5015E-38
  4.5015E-38  8.3737E-01  4.5015E-38  4.5015E-38  4.5015E-38  4.5015E-38  4.5015E-38  4.5015E-38  1.6244E-01  0.0000E+00  1.4714E-04  4.5015E-38  3.5236E-23  0.0000E+00  5.1845E-07  4.5015E-38
  4.5016E-38  8.3737E-01  4.5016E-38  4.5016E-38  4.5016E-38  4.5016E-38  4.5016E-38  4.5016E-38  1.6244E-01  0.0000E+00  1.4714E-04  4.5016E-38  3.9151E-24  0.0000E+00  1.7282E-07  4.5016E-38
  4.5016E-38  8.3737E-01  4.5016E-38  4.5016E-38  4.5016E-38  4.5016E-38  4.5016E-38  4.5016E-38  1.6244E-01  0.0000E+00  1.4714E-04  4.5016E-38  3.5236E-25  0.0000E+00  5.1845E-08  4.5016E-38
  4.5016E-38  8.3737E-01  4.5016E-38  4.5016E-38  4.5016E-38  4.5016E-38  4.5016E-38  4.5016E-38  1.6244E-01  0.0000E+00  1.4714E-04  4.5016E-38  3.9152E-26  0.0000E+00  1.7282E-08  4.5016E-38
  4.5016E-38  8.3737E-01  4.5016E-38  4.5016E-38  4.5016E-38  4.5016E-38  4.5016E-38  4.5016E-38  1.6244E-01  0.0000E+00  1.4714E-04  4.5016E-38  3.5236E-27  0.0000E+00  5.1845E-09  4.5016E-38
  4.5016E-38  8.3737E-01  4.5016E-38  4.5016E-38  4.5016E-38  4.5016E-38  4.5016E-38  4.5016E-38  1.6244E-01  0.0000E+00  1.4714E-04  4.5016E-38  3.9152E-28  0.0000E+00  1.7282E-09  4.5016E-38
  4.5016E-38  8.3737E-01  4.5016E-38  4.5016E-38  4.5016E-38  4.5016E-38  4.5016E-38  4.5016E-38  1.6244E-01  0.0000E+00  1.4714E-04  4.5016E-38  3.5236E-29  0.0000E+00  5.1845E-10  4.5016E-38
  4.5003E-38  8.3715E-01  4.5003E-38  4.5003E-38  4.5003E-38  4.5003E-38  4.5003E-38  4.5003E-38  1.6239E-01  0.0000E+00  1.4710E-04  1.1025E-35  7.4639E-12  0.0000E+00  2.5896E-04  4.5003E-38
  4.5003E-38  8.3715E-01  4.5003E-38  4.5003E-38  4.5003E-38  4.5003E-38  4.5003E-38  4.5003E-38  1.6239E-01  0.0000E+00  1.4710E-04  1.2250E-36  8.2932E-13  0.0000E+00  2.5896E-04  4.5003E-38
  4.5003E-38  8.3715E-01  4.5003E-38  4.5003E-38  4.5003E-38  4.5003E-38  4.5003E-38  4.5003E-38  1.6239E-01  0.0000E+00  1.4710E-04  1.1025E-37  7.4639E-14  0.0000E+00  2.5896E-04  4.5003E-38
  4.5003E-38  8.3715E-01  4.5003E-38  4.5003E-38  4.5003E-38  4.5003E-38  4.5003E-38  4.5003E-38  1.6239E-01  0.0000E+00  1.4710E-04  4.5003E-38  8.2932E-15  0.0000E+00  2.5896E-04  4.5003E-38
  4.5003E-38  8.3715E-01  4.5003E-38  4.5003E-38  4.5003E-38  4.5003E-38  4.5003E-38  4.5003E-38  1.6239E-01  0.0000E+00  1.4710E-04  4.5003E-38  7.4639E-16  0.0000E+00  2.5896E-04  4.5003E-38
  4.5003E-38  8.3715E-01  4.5003E-38  4.5003E-38  4.5003E-38  4.5003E-38  4.5003E-38  4.5003E-38  1.6239E-01  0.0000E+00  1.4710E-04  4.5003E-38  8.2933E-17  0.0000E+00  2.5896E-04  4.5003E-38
  4.5003E-38  8.3715E-01  4.5003E-38  4.5003E-38  4.5003E-38  4.5003E-38  4.5003E-38  4.5003E-38  1.6239E-01  0.0000E+00  1.4710E-04  4.5003E-38  7.4641E-18  0.0000E+00  2.5896E-04  4.5003E-38
  4.5011E-38  8.3728E-01  4.5011E-38  4.5011E-38  4.5011E-38  4.5011E-38  4.5011E-38  4.5011E-38  1.6242E-01  0.0000E+00  1.4713E-04  4.5011E-38  8.2948E-19  0.0000E+00  1.0507E-04  4.5011E-38
  4.5014E-38  8.3734E-01  4.5014E-38  4.5014E-38  4.5014E-38  4.5014E-38  4.5014E-38  4.5014E-38  1.6243E-01  0.0000E+00  1.4714E-04  4.5014E-38  7.4659E-20  0.0000E+00  3.1526E-05  4.5014E-38
  4.5015E-38  8.3736E-01  4.5015E-38  4.5015E-38  4.5015E-38  4.5015E-38  4.5015E-38  4.5015E-38  1.6243E-01  0.0000E+00  1.4714E-04  4.5015E-38  8.2958E-21  0.0000E+00  1.0508E-05  4.5015E-38
  4.5015E-38  8.3736E-01  4.5015E-38  4.5015E-38  4.5015E-38  4.5015E-38  4.5015E-38  4.5015E-38  1.6244E-01  0.0000E+00  1.4714E-04  4.5015E-38  7.4663E-22  0.0000E+00  3.1527E-06  4.5015E-38
  4.5015E-38  8.3736E-01  4.5015E-38  4.5015E-38  4.5015E-38  4.5015E-38  4.5015E-38  4.5015E-38  1.6244E-01  0.0000E+00  1.4714E-04  4.5015E-38  8.2959E-23  0.0000E+00  1.0509E-06  4.5015E-38
  4.5015E-38  8.3737E-01  4.5015E-38  4.5015E-38  4.5015E-38  4.5015E-38  4.5015E-38  4.5015E-38  1.6244E-01  0.0000E+00  1.4714E-04  4.5015E-38  7.4663E-24  0.0000E+00  3.1527E-07  4.5015E-38
  4.5016E-38  8.3737E-01  4.5016E-38  4.5016E-38  4.5016E-38  4.5016E-38  4.5016E-38  4.5016E-38  1.6244E-01  0.0000E+00  1.4714E-04  4.5016E-38  8.2960E-25  0.0000E+00  1.0509E-07  4.5016E-38
  4.5016E-38  8.3737E-01  4.5016E-38  4.5016E-38  4.5016E-38  4.5016E-38  4.5016E-38  4.5016E-38  1.6244E-01  0.0000E+00  1.4714E-04  4.5016E-38  7.4664E-26  0.0000E+00  3.1527E-08  4.5016E-38
  4.5016E-38  8.3737E-01  4.5016E-38  4.5016E-38  4.5016E-38  4.5016E-38  4.5016E-38  4.5016E-38  1.6244E-01  0.0000E+00  1.4714E-04  4.5016E-38  8.2960E-27  0.0000E+00  1.0509E-08  4.5016E-38
  4.5016E-38  8.3737E-01  4.5016E-38  4.5016E-38  4.5016E-38  4.5016E-38  4.5016E-38  4.5016E-38  1.6244E-01  0.0000E+00  1.4714E-04  4.5016E-38  7.4664E-28  0.0000E+00  3.1527E-09  4.5016E-38
  4.5003E-38  8.3715E-01  4.5003E-38  4.5003E-38  4.5003E-38  4.5003E-38  4.5003E-38  4.5003E-38  1.6239E-01  0.0000E+00  1.4710E-04  2.0737E-33  1.1815E-10  0.0000E+00  2.5896E-04  4.5003E-38
  4.5003E-38  8.3715E-01  4.5003E-38  4.5003E-38  4.5003E-38  4.5003E-38  4.5003E-38  4.5003E-38  1.6239E-01  0.0000E+00  1.4710E-04  2.3040E-34  1.3128E-11  0.0000E+00  2.5896E-04  4.5003E-38
  4.5003E-38  8.3715E-01  4.5003E-38  4.5003E-38  4.5003E-38  4.5003E-38  4.5003E-38  4.5003E-38  1.6239E-01  0.0000E+00  1.4710E-04  2.0736E-35  1.1816E-12  0.0000E+00  2.5896E-04  4.5003E-38
  4.5003E-38  8.3715E-01  4.5003E-38  4.5003E-38  4.5003E-38  4.5003E-38  4.5003E-38  4.5003E-38  1.6239E-01  0.0000E+00  1.4710E-04  2.3040E-36  1.3128E-13  0.0000E+00  2.5896E-04  4.5003E-38
  4.5003E-38  8.3715E-01  4.5003E-38  4.5003E-38  4.5003E-38  4.5003E-38  4.5003E-38  4.5003E-38  1.6239E-01  0.0000E+00  1.4710E-04  2.0737E-37  1.1816E-14  0.0000E+00  2.5896E-04  4.5003E-38
  4.5003E-38  8.3715E-01  4.5003E-38  4.5003E-38  4.5003E-38  4.5003E-38  4.5003E-38  4.5003E-38  1.6239E-01  0.0000E+00  1.4710E-04  4.5003E-38  1.3128E-15  0.0000E+00  2.5896E-04  4.5003E-38
  4.5003E-38  8.3715E-01  4.5003E-38  4.5003E-38  4.5003E-38  4.5003E-38  4.5003E-38  4.5003E-38  1.6239E-01  0.0000E+00  1.4710E-04  4.5003E-38  1.1816E-16  0.0000E+00  2.5896E-04  4.5003E-38
  4.5004E-38  8.3715E-01  4.5004E-38  4.5004E-38  4.5004E-38  4.5004E-38  4.5004E-38  4.5004E-38  1.6239E-01  0.0000E+00  1.4710E-04  4.5004E-38  1.3128E-17  0.0000E+00  2.5896E-04  4.5004E-38
  4.5008E-38  8.3723E-01  4.5008E-38  4.5008E-38  4.5008E-38  4.5008E-38  4.5008E-38  4.5008E-38  1.6241E-01  0.0000E+00  1.4712E-04  4.5008E-38  1.1817E-18  0.0000E+00  1.6002E-04  4.5008E-38
  4.5013E-38  8.3732E-01  4.5013E-38  4.5013E-38  4.5013E-38  4.5013E-38  4.5013E-38  4.5013E-38  1.6243E-01  0.0000E+00  1.4713E-04  4.5013E-38  1.3132E-19  0.0000E+00  5.3346E-05  4.5013E-38
  4.5015E-38  8.3735E-01  4.5015E-38  4.5015E-38  4.5015E-38  4.5015E-38  4.5015E-38  4.5015E-38  1.6243E-01  0.0000E+00  1.4714E-04  4.5015E-38  1.1819E-20  0.0000E+00  1.6004E-05  4.5015E-38
  4.5015E-38  8.3736E-01  4.5015E-38  4.5015E-38  4.5015E-38  4.5015E-38  4.5015E-38  4.5015E-38  1.6243E-01  0.0000E+00  1.4714E-04  4.5015E-38  1.3132E-21  0.0000E+00  5.3349E-06  4.5015E-38
  4.5015E-38  8.3736E-01  4.5015E-38  4.5015E-38  4.5015E-38  4.5015E-38  4.5015E-38  4.5015E-38  1.6244E-01  0.0000E+00  1.4714E-04  4.5015E-38  1.1819E-22  0.0000E+00  1.6004E-06  4.5015E-38
  4.5015E-38  8.3737E-01  4.5015E-38  4.5015E-38  4.5015E-38  4.5015E-38  4.5015E-38  4.5015E-38  1.6244E-01  0.0000E+00  1.4714E-04  4.5015E-38  1.3132E-23  0.0000E+00  5.3349E-07  4.5015E-38
  4.5016E-38  8.3737E-01  4.5016E-38  4.5016E-38  4.5016E-38  4.5016E-38  4.5016E-38  4.5016E-38  1.6244E-01  0.0000E+00  1.4714E-04  4.5016E-38  1.1819E-24  0.0000E+00  1.6005E-07  4.5016E-38
  4.5016E-38  8.3737E-01  4.5016E-38  4.5016E-38  4.5016E-38  4.5016E-38  4.5016E-38  4.5016E-38  1.6244E-01  0.0000E+00  1.4714E-04  4.5016E-38  1.3133E-25  0.0000E+00  5.3350E-08  4.5016E-38
  4.5016E-38  8.3737E-01  4.5016E-38  4.5016E-38  4.5016E-38  4.5016E-38  4.5016E-38  4.5016E-38  1.6244E-01  0.0000E+00  1.4714E-04  4.5016E-38  1.1819E-26  0.0000E+00  1.6005E-08  4.5016E-38
  4.5004E-38  8.3715E-01  4.5004E-38  4.5004E-38  4.5004E-38  4.5004E-38  4.5004E-38  4.5004E-38  1.6239E-01  0.0000E+00  1.4710E-04  2.3685E-31  1.4558E-09  0.0000E+00  2.5896E-04  7.0653E-36
  4.5003E-38  8.3715E-01  4.5003E-38  4.5003E-38  4.5003E-38  4.5003E-38  4.5003E-38  4.5003E-38  1.6239E-01  0.0000E+00  1.4710E-04  2.6317E-32  1.6177E-10  0.0000E+00  2.5896E-04  7.8503E-37
  4.5003E-38  8.3715E-01  4.5003E-38  4.5003E-38  4.5003E-38  4.5003E-38  4.5003E-38  4.5003E-38  1.6239E-01  0.0000E+00  1.4710E-04  2.3684E-33  1.4560E-11  0.0000E+00  2.5896E-04  7.0650E-38
  4.5003E-38  8.3715E-01  4.5003E-38  4.5003E-38  4.5003E-38  4.5003E-38  4.5003E-38  4.5003E-38  1.6239E-01  0.0000E+00  1.4710E-04  2.6316E-34  1.6178E-12  0.0000E+00  2.5896E-04  4.5003E-38
  4.5003E-38  8.3715E-01  4.5003E-38  4.5003E-38  4.5003E-38  4.5003E-38  4.5003E-38  4.5003E-38  1.6239E-01  0.0000E+00  1.4710E-04  2.3684E-35  1.4560E-13  0.0000E+00  2.5896E-04  4.5003E-38
